242
-3.60122 -0.152164
-3.592 -0.152164
-3.58278 -0.142942
-3.57355 -0.13372
-3.56433 -0.13372
-3.55511 -0.124498
-3.54589 -0.124498
-3.53667 -0.115276
-3.52744 -0.106054
-3.52744 -0.0968318
-3.51822 -0.0968318
-3.51822 -0.0876097
-3.509 -0.0876097
-3.49978 -0.0783877
-3.48133 -0.0691656
-3.46289 -0.0507214
-3.44445 -0.0414994
-3.426 -0.0230552
-3.40756 -0.0138331
-3.38911 -0.00461104
-3.37067 0.0138331
-3.36145 0.0230552
-3.35223 0.0322773
-3.33378 0.0414994
-3.33378 0.0507214
-3.31534 0.0507214
-3.31534 0.0599435
-3.29689 0.0691656
-3.27845 0.0783877
-3.26 0.0876097
-3.23234 0.0968318
-3.20467 0.106054
-3.18623 0.115276
-3.15856 0.124498
-3.14012 0.13372
-3.11245 0.142942
-3.07556 0.161386
-3.0479 0.161386
-3.02023 0.170608
-3.00179 0.170608
-2.98334 0.179831
-2.9649 0.189053
-2.93723 0.198275
-2.92801 0.198275
-2.90957 0.207497
-2.89112 0.216719
-2.87268 0.216719
-2.85423 0.225941
-2.83579 0.225941
-2.80812 0.235163
-2.78968 0.235163
-2.76201 0.235163
-2.72512 0.235163
-2.69746 0.244385
-2.66979 0.244385
-2.64213 0.244385
-2.62368 0.244385
-2.58679 0.244385
-2.55913 0.244385
-2.53146 0.253607
-2.51302 0.253607
-2.48535 0.253607
-2.46691 0.253607
-2.43002 0.253607
-2.40235 0.253607
-2.36546 0.244385
-2.32857 0.244385
-2.31013 0.235163
-2.28246 0.235163
-2.2548 0.235163
-2.23635 0.225941
-2.20869 0.225941
-2.19024 0.216719
-2.16258 0.207497
-2.13491 0.198275
-2.10724 0.189053
-2.0888 0.170608
-2.06113 0.161386
-2.03347 0.152164
-2.0058 0.142942
-1.98736 0.13372
-1.95969 0.124498
-1.94125 0.115276
-1.9228 0.106054
-1.89514 0.0968318
-1.86747 0.0876097
-1.8398 0.0691656
-1.80292 0.0507214
-1.76603 0.0414994
-1.73836 0.0230552
-1.7107 0.0138331
-1.68303 -0.00461104
-1.65536 -0.00461104
-1.63692 -0.0138331
-1.61847 -0.0230552
-1.60003 -0.0322773
-1.59081 -0.0414994
-1.56314 -0.0414994
-1.5447 -0.0599435
-1.51703 -0.0691656
-1.47092 -0.0876097
-1.41559 -0.0968318
-1.36948 -0.124498
-1.31415 -0.142942
-1.26804 -0.161386
-1.2127 -0.179831
-1.16659 -0.198275
-1.11126 -0.225941
-1.06515 -0.244385
-1.00982 -0.262829
-0.963707 -0.281273
-0.908375 -0.299718
-0.853042 -0.318162
-0.806932 -0.336606
-0.751599 -0.35505
-0.705489 -0.373494
-0.650156 -0.40116
-0.594824 -0.419605
-0.548714 -0.438049
-0.493381 -0.456493
-0.447271 -0.484159
-0.391938 -0.493381
-0.336606 -0.521047
-0.281273 -0.539492
-0.235163 -0.567158
-0.179831 -0.57638
-0.142942 -0.604046
-0.106054 -0.613268
-0.0691656 -0.640934
-0.0322773 -0.659379
0.0230552 -0.677823
0.0599435 -0.696267
0.0968318 -0.714711
0.13372 -0.733155
0.170608 -0.760821
0.207497 -0.779266
0.235163 -0.788488
0.290495 -0.816154
0.327384 -0.834598
0.35505 -0.853042
0.391938 -0.871486
0.428827 -0.908375
0.465715 -0.917597
0.502603 -0.945263
0.539491 -0.963707
0.567158 -0.982151
0.604046 -1.0006
0.640934 -1.01904
0.650156 -1.03748
0.668601 -1.05593
0.677823 -1.06515
0.696267 -1.09282
0.714711 -1.10204
0.733155 -1.12048
0.751599 -1.13893
0.760821 -1.15737
0.779266 -1.17581
0.788488 -1.18504
0.79771 -1.19426
0.806932 -1.2127
0.816154 -1.23115
0.825376 -1.24959
0.834598 -1.27726
0.853042 -1.2957
0.862264 -1.32337
0.880708 -1.35103
0.88993 -1.36948
0.908375 -1.39714
0.917597 -1.42481
0.936041 -1.44326
0.945263 -1.47092
0.963707 -1.49859
0.972929 -1.52625
0.991373 -1.56314
1.00982 -1.58159
1.01904 -1.60925
1.02826 -1.6277
1.03748 -1.65536
1.04671 -1.67381
1.05593 -1.69225
1.06515 -1.7107
1.06515 -1.72914
1.07437 -1.74758
1.08359 -1.77525
1.08359 -1.79369
1.09282 -1.82136
1.10204 -1.8398
1.11126 -1.86747
1.11126 -1.88591
1.12048 -1.91358
1.1297 -1.94125
1.1297 -1.96891
1.13893 -1.98736
1.14815 -2.01502
1.15737 -2.03347
1.16659 -2.06113
1.16659 -2.0888
1.17581 -2.11647
1.18504 -2.14413
1.18504 -2.16258
1.19426 -2.19024
1.19426 -2.20869
1.20348 -2.21791
1.20348 -2.23635
1.20348 -2.2548
1.20348 -2.27324
1.2127 -2.29169
1.2127 -2.30091
1.2127 -2.32857
1.2127 -2.34702
1.2127 -2.36546
1.2127 -2.38391
1.2127 -2.40235
1.2127 -2.4208
1.2127 -2.44846
1.2127 -2.46691
1.2127 -2.48535
1.2127 -2.50379
1.2127 -2.52224
1.2127 -2.54068
1.2127 -2.55913
1.2127 -2.57757
1.2127 -2.59601
1.2127 -2.61446
1.2127 -2.6329
1.2127 -2.66057
1.2127 -2.66979
1.2127 -2.67901
1.2127 -2.69746
1.2127 -2.70668
1.20348 -2.72512
1.20348 -2.74357
1.20348 -2.75279
1.20348 -2.77123
1.19426 -2.78968
1.19426 -2.7989
1.19426 -2.80812
1.19426 -2.81734
1.18504 -2.82657
1.18504 -2.83579
1.17581 -2.83579
1.16659 -2.83579
