89
2.85423 2.8819
2.83579 2.86346
2.81734 2.84501
2.80812 2.82657
2.78046 2.80812
2.76201 2.78046
2.75279 2.75279
2.73435 2.73435
2.7159 2.70668
2.70668 2.66979
2.69746 2.64213
2.68824 2.61446
2.68824 2.59601
2.66979 2.57757
2.66979 2.55913
2.66057 2.54068
2.65135 2.51302
2.64213 2.48535
2.6329 2.45768
2.61446 2.43924
2.61446 2.4208
2.60524 2.39313
2.60524 2.36546
2.59601 2.3378
2.59601 2.30091
2.57757 2.2548
2.57757 2.20869
2.56835 2.15335
2.56835 2.10724
2.56835 2.06113
2.56835 2.0058
2.5499 1.95969
2.5499 1.91358
2.5499 1.85825
2.5499 1.83058
2.5499 1.77525
2.5499 1.72914
2.5499 1.67381
2.5499 1.6277
2.5499 1.58159
2.5499 1.52625
2.5499 1.48014
2.5499 1.41559
2.5499 1.36026
2.56835 1.2957
2.56835 1.23115
2.56835 1.16659
2.58679 1.09282
2.58679 1.02826
2.58679 0.954485
2.58679 0.88993
2.59601 0.834598
2.59601 0.779266
2.59601 0.723933
2.61446 0.677823
2.62368 0.62249
2.64213 0.567158
2.66057 0.530269
2.66057 0.493381
2.66979 0.465715
2.68824 0.428827
2.69746 0.40116
2.70668 0.364272
2.7159 0.345828
2.72512 0.318162
2.73435 0.290495
2.74357 0.262829
2.76201 0.235163
2.78046 0.207497
2.78968 0.198275
2.7989 0.179831
2.80812 0.170608
2.81734 0.161386
2.82657 0.161386
2.83579 0.152164
2.84501 0.152164
2.85423 0.152164
2.85423 0.142942
2.86346 0.142942
2.87268 0.142942
2.87268 0.13372
2.8819 0.13372
2.89112 0.124498
2.90034 0.124498
2.90957 0.115276
2.90957 0.106054
2.91879 0.106054
2.91879 0.0968318
2.92801 0.0968318
