444
-2.26035 -0.0357591
-2.25659 -0.0357591
-2.25282 -0.0357591
-2.24906 -0.0357591
-2.24529 -0.0357591
-2.23777 -0.031995
-2.23024 -0.031995
-2.22271 -0.0282309
-2.21518 -0.0282309
-2.20765 -0.0244667
-2.20013 -0.0244667
-2.19636 -0.0207026
-2.18883 -0.0207026
-2.1813 -0.0207026
-2.17754 -0.0207026
-2.17001 -0.0169385
-2.16248 -0.0169385
-2.16248 -0.0131744
-2.15496 -0.0131744
-2.14743 -0.0131744
-2.14366 -0.0131744
-2.13614 -0.00941029
-2.12861 -0.00941029
-2.12108 -0.00941029
-2.11731 -0.00941029
-2.11355 -0.00941029
-2.10979 -0.00941029
-2.10602 -0.00941029
-2.10226 -0.00941029
-2.09473 -0.00941029
-2.09097 -0.00941029
-2.0872 -0.00564617
-2.08344 -0.00564617
-2.07967 -0.00564617
-2.07591 -0.00564617
-2.06838 -0.00564617
-2.06462 -0.00564617
-2.06085 -0.00564617
-2.05709 -0.00564617
-2.04956 -0.00564617
-2.0458 -0.00564617
-2.04203 -0.00564617
-2.03827 -0.00564617
-2.03074 -0.00564617
-2.02698 -0.00564617
-2.02321 -0.00564617
-2.01945 -0.00564617
-2.01568 -0.00564617
-2.01192 -0.00941029
-2.00439 -0.00941029
-2.00063 -0.00941029
-1.9931 -0.00941029
-1.98934 -0.00941029
-1.98181 -0.00941029
-1.97804 -0.00941029
-1.97051 -0.0131744
-1.96675 -0.0131744
-1.95922 -0.0131744
-1.95546 -0.0131744
-1.94793 -0.0131744
-1.9404 -0.0131744
-1.93287 -0.0131744
-1.92535 -0.0131744
-1.91782 -0.0131744
-1.90652 -0.0131744
-1.89523 -0.0131744
-1.8877 -0.0131744
-1.87641 -0.0131744
-1.86512 -0.0131744
-1.85006 -0.0131744
-1.83877 -0.0131744
-1.82748 -0.0131744
-1.81619 -0.0131744
-1.80113 -0.0131744
-1.78607 -0.00941029
-1.77102 -0.00941029
-1.75972 -0.00941029
-1.74467 -0.00564617
-1.72585 -0.00564617
-1.70703 -0.00188206
-1.68444 -0.00188206
-1.66562 0.00564617
-1.65056 0.00564617
-1.63174 0.0131744
-1.6054 0.0131744
-1.58281 0.0131744
-1.57152 0.0169385
-1.54893 0.0169385
-1.53011 0.0244667
-1.50753 0.0244667
-1.48871 0.0282309
-1.46612 0.0282309
-1.4473 0.0282309
-1.42848 0.0357591
-1.4059 0.0395232
-1.38708 0.0395232
-1.37202 0.0470514
-1.35696 0.0508156
-1.34191 0.0508156
-1.32685 0.0583438
-1.31179 0.0621079
-1.3005 0.0696361
-1.28545 0.0734003
-1.27039 0.0809285
-1.2591 0.0809285
-1.25157 0.0846926
-1.24028 0.0884567
-1.23275 0.0922208
-1.22146 0.0959849
-1.21016 0.103513
-1.20263 0.103513
-1.19134 0.111041
-1.18381 0.114806
-1.17629 0.11857
-1.16876 0.122334
-1.16123 0.126098
-1.1537 0.129862
-1.14617 0.133626
-1.13864 0.13739
-1.12735 0.141154
-1.11606 0.148683
-1.10477 0.152447
-1.09348 0.156211
-1.07842 0.163739
-1.06336 0.171267
-1.05207 0.175031
-1.04078 0.178795
-1.03325 0.186324
-1.02572 0.190088
-1.01443 0.193852
-1.0069 0.197616
-0.999373 0.20138
-0.98808 0.208908
-0.980552 0.212673
-0.973024 0.216437
-0.965496 0.220201
-0.961731 0.223965
-0.950439 0.231493
-0.946675 0.235257
-0.939147 0.239021
-0.935383 0.242785
-0.927854 0.24655
-0.92409 0.250314
-0.920326 0.254078
-0.912798 0.257842
-0.909034 0.257842
-0.90527 0.26537
-0.901506 0.272898
-0.897742 0.276662
-0.893977 0.280427
-0.886449 0.284191
-0.882685 0.287955
-0.878921 0.291719
-0.875157 0.299247
-0.871393 0.303011
-0.863864 0.306775
-0.8601 0.31054
-0.856336 0.314304
-0.852572 0.318068
-0.848808 0.321832
-0.845044 0.325596
-0.837516 0.32936
-0.829987 0.336888
-0.826223 0.340652
-0.818695 0.348181
-0.811167 0.351945
-0.803639 0.355709
-0.79611 0.363237
-0.792346 0.367001
-0.784818 0.367001
-0.77729 0.374529
-0.769762 0.378294
-0.765998 0.382058
-0.758469 0.385822
-0.754705 0.389586
-0.750941 0.389586
-0.743413 0.39335
-0.739649 0.397114
-0.735885 0.400878
-0.728356 0.404642
-0.724592 0.404642
-0.720828 0.408406
-0.717064 0.412171
-0.709536 0.412171
-0.702008 0.415935
-0.694479 0.419699
-0.679423 0.423463
-0.66813 0.430991
-0.656838 0.430991
-0.645546 0.438519
-0.638018 0.438519
-0.622961 0.446048
-0.611669 0.449812
-0.604141 0.449812
-0.592848 0.453576
-0.58532 0.45734
-0.581556 0.45734
-0.574028 0.45734
-0.566499 0.461104
-0.555207 0.461104
-0.543915 0.461104
-0.536386 0.461104
-0.525094 0.461104
-0.517566 0.461104
-0.506274 0.461104
-0.498745 0.45734
-0.491217 0.45734
-0.483689 0.45734
-0.476161 0.453576
-0.472396 0.449812
-0.464868 0.446048
-0.461104 0.442284
-0.453576 0.438519
-0.453576 0.434755
-0.442284 0.430991
-0.438519 0.423463
-0.434755 0.419699
-0.430991 0.412171
-0.423463 0.408406
-0.419699 0.400878
-0.415935 0.39335
-0.412171 0.389586
-0.404642 0.382058
-0.400878 0.374529
-0.39335 0.367001
-0.39335 0.363237
-0.389586 0.355709
-0.382058 0.348181
-0.378294 0.340652
-0.378294 0.336888
-0.374529 0.333124
-0.370765 0.325596
-0.367001 0.318068
-0.363237 0.306775
-0.359473 0.299247
-0.355709 0.291719
-0.351945 0.284191
-0.348181 0.276662
-0.344417 0.26537
-0.344417 0.261606
-0.340652 0.250314
-0.336888 0.242785
-0.336888 0.235257
-0.333124 0.227729
-0.333124 0.220201
-0.333124 0.216437
-0.333124 0.208908
-0.32936 0.20138
-0.32936 0.193852
-0.32936 0.186324
-0.32936 0.178795
-0.32936 0.171267
-0.32936 0.159975
-0.32936 0.152447
-0.32936 0.144918
-0.32936 0.13739
-0.32936 0.129862
-0.333124 0.122334
-0.333124 0.114806
-0.333124 0.107277
-0.336888 0.0997491
-0.336888 0.0922208
-0.340652 0.0809285
-0.340652 0.0734003
-0.344417 0.0621079
-0.348181 0.0545797
-0.351945 0.0432873
-0.355709 0.0357591
-0.355709 0.0244667
-0.359473 0.0169385
-0.359473 0.00941029
-0.363237 0.00188206
-0.367001 -0.00564617
-0.367001 -0.00941029
-0.374529 -0.0207026
-0.374529 -0.0244667
-0.374529 -0.031995
-0.378294 -0.0395232
-0.382058 -0.0470514
-0.382058 -0.0508156
-0.385822 -0.0583438
-0.389586 -0.065872
-0.389586 -0.0734003
-0.39335 -0.0771644
-0.39335 -0.0846926
-0.39335 -0.0922208
-0.397114 -0.0959849
-0.397114 -0.103513
-0.400878 -0.111041
-0.404642 -0.114806
-0.404642 -0.122334
-0.408407 -0.129862
-0.408407 -0.133626
-0.412171 -0.141154
-0.415935 -0.148683
-0.419699 -0.152447
-0.419699 -0.159975
-0.423463 -0.167503
-0.423463 -0.171267
-0.427227 -0.178795
-0.430991 -0.186324
-0.434755 -0.193852
-0.438519 -0.20138
-0.442284 -0.208908
-0.449812 -0.216437
-0.453576 -0.223965
-0.45734 -0.231493
-0.461104 -0.239021
-0.468632 -0.24655
-0.472396 -0.254078
-0.479925 -0.261606
-0.483689 -0.269134
-0.487453 -0.276662
-0.491217 -0.284191
-0.494981 -0.291719
-0.494981 -0.295483
-0.502509 -0.303011
-0.506274 -0.314304
-0.510038 -0.318068
-0.517566 -0.325596
-0.517566 -0.333124
-0.525094 -0.340652
-0.528858 -0.348181
-0.532622 -0.355709
-0.540151 -0.359473
-0.543915 -0.367001
-0.547679 -0.374529
-0.555207 -0.382058
-0.558971 -0.389586
-0.562735 -0.39335
-0.566499 -0.400878
-0.570264 -0.408406
-0.577792 -0.415935
-0.581556 -0.423463
-0.58532 -0.430991
-0.592848 -0.434755
-0.596612 -0.442284
-0.604141 -0.453576
-0.607905 -0.45734
-0.611669 -0.464868
-0.619197 -0.476161
-0.626725 -0.483689
-0.634253 -0.487453
-0.641782 -0.498745
-0.64931 -0.502509
-0.656838 -0.513802
-0.66813 -0.52133
-0.675659 -0.528858
-0.683187 -0.540151
-0.690715 -0.551443
-0.698243 -0.558971
-0.705772 -0.566499
-0.7133 -0.577792
-0.724592 -0.589084
-0.73212 -0.596612
-0.743413 -0.604141
-0.750941 -0.611669
-0.758469 -0.619197
-0.769762 -0.626725
-0.773526 -0.634253
-0.781054 -0.641782
-0.792346 -0.64931
-0.803639 -0.656838
-0.811167 -0.66813
-0.822459 -0.675659
-0.829987 -0.683187
-0.837516 -0.690715
-0.852572 -0.705772
-0.867629 -0.720828
-0.875157 -0.728356
-0.886449 -0.735885
-0.893977 -0.747177
-0.909034 -0.758469
-0.92409 -0.773526
-0.927854 -0.788582
-0.939147 -0.803639
-0.942911 -0.814931
-0.946675 -0.818695
-0.950439 -0.826223
-0.954203 -0.833751
-0.957967 -0.84128
-0.961731 -0.845044
-0.961731 -0.852572
-0.965496 -0.856336
-0.965496 -0.8601
-0.96926 -0.863864
-0.96926 -0.871393
-0.973024 -0.878921
-0.976788 -0.886449
-0.980552 -0.893977
-0.98808 -0.901506
-0.991844 -0.909034
-0.995609 -0.916562
-0.995609 -0.920326
-0.999373 -0.927854
-1.00314 -0.935383
-1.0069 -0.939147
-1.01066 -0.946675
-1.01443 -0.954203
-1.01819 -0.957967
-1.02196 -0.965496
-1.02572 -0.973024
-1.02949 -0.980552
-1.03325 -0.98808
-1.04078 -0.999373
-1.04454 -1.00314
-1.05207 -1.01066
-1.05583 -1.01443
-1.0596 -1.02196
-1.06336 -1.02572
-1.06713 -1.03325
-1.07089 -1.03701
-1.07465 -1.04078
-1.08218 -1.04831
-1.08971 -1.05583
-1.09724 -1.06336
-1.101 -1.07089
-1.1123 -1.07842
-1.11982 -1.08971
-1.13112 -1.09724
-1.13488 -1.10853
-1.14241 -1.11606
-1.14994 -1.12359
-1.1537 -1.13488
-1.15747 -1.14241
-1.16499 -1.1537
-1.16876 -1.15747
-1.17252 -1.16499
-1.17629 -1.16876
-1.18005 -1.17252
-1.18005 -1.17629
-1.18005 -1.18005
-1.18381 -1.18005
-1.18758 -1.18005
-1.18758 -1.18381
-1.19134 -1.18758
-1.19134 -1.19134
-1.19511 -1.19511
-1.19887 -1.19887
-1.20263 -1.19887
-1.2064 -1.20263
-1.2064 -1.2064
-1.21016 -1.2064
-1.21016 -1.21016
