248
-0.0508156 -1.14994
-0.0470514 -1.14994
-0.0432873 -1.14994
-0.0395232 -1.14241
-0.0357591 -1.13864
-0.0282309 -1.13112
-0.0207026 -1.12359
-0.0131744 -1.11606
-0.00564617 -1.10853
0.00188206 -1.101
0.0131744 -1.08971
0.0244667 -1.07842
0.0357591 -1.06713
0.0432873 -1.05583
0.0545797 -1.04078
0.0734003 -1.02196
0.0922208 -1.00314
0.107277 -0.98808
0.126098 -0.973024
0.141154 -0.957967
0.156211 -0.942911
0.175031 -0.927854
0.190088 -0.912798
0.205144 -0.897741
0.220201 -0.878921
0.235257 -0.863864
0.250314 -0.848808
0.26537 -0.826223
0.280427 -0.807403
0.295483 -0.784818
0.31054 -0.762233
0.325596 -0.743413
0.344417 -0.720828
0.359473 -0.7133
0.374529 -0.705772
0.389586 -0.690715
0.39335 -0.675659
0.408407 -0.660602
0.423463 -0.645546
0.430991 -0.630489
0.434755 -0.615433
0.442284 -0.604141
0.449812 -0.589084
0.45734 -0.581556
0.461104 -0.570263
0.464868 -0.558971
0.468632 -0.547679
0.472396 -0.536386
0.476161 -0.525094
0.476161 -0.510038
0.476161 -0.494981
0.476161 -0.476161
0.476161 -0.453576
0.476161 -0.434755
0.476161 -0.412171
0.476161 -0.39335
0.476161 -0.370765
0.468632 -0.351945
0.468632 -0.32936
0.464868 -0.31054
0.45734 -0.287955
0.449812 -0.269134
0.442284 -0.24655
0.434755 -0.223965
0.427227 -0.205144
0.419699 -0.18256
0.404642 -0.159975
0.400878 -0.141154
0.389586 -0.126098
0.385822 -0.103513
0.374529 -0.0809285
0.367001 -0.0621079
0.359473 -0.0395232
0.348181 -0.0244667
0.340652 -0.00941029
0.333124 0.00564617
0.318068 0.0169385
0.303011 0.031995
0.291719 0.0470514
0.284191 0.0508156
0.276662 0.0545797
0.269134 0.0583438
0.261606 0.065872
0.250314 0.0696361
0.242785 0.0734003
0.231493 0.0809285
0.220201 0.0846926
0.208908 0.0884567
0.197616 0.0922208
0.186324 0.0997491
0.175031 0.0997491
0.167503 0.0997491
0.156211 0.103513
0.148683 0.103513
0.13739 0.107277
0.126098 0.107277
0.111041 0.107277
0.0997491 0.111041
0.0846926 0.111041
0.0696361 0.111041
0.0545797 0.11857
0.0395232 0.11857
0.0282309 0.11857
0.0169385 0.11857
0.00941029 0.11857
0.00188206 0.11857
-0.00941029 0.11857
-0.0207026 0.11857
-0.031995 0.11857
-0.0432873 0.11857
-0.0508156 0.11857
-0.0621079 0.114806
-0.0734003 0.111041
-0.0846926 0.111041
-0.0922208 0.111041
-0.107277 0.111041
-0.11857 0.107277
-0.126098 0.107277
-0.13739 0.103513
-0.144918 0.0997491
-0.156211 0.0959849
-0.163739 0.0922208
-0.167503 0.0884567
-0.175031 0.0884567
-0.18256 0.0846926
-0.186324 0.0809285
-0.193852 0.0771644
-0.20138 0.0771644
-0.208908 0.0696361
-0.216437 0.065872
-0.223965 0.0621079
-0.231493 0.0583438
-0.242785 0.0508156
-0.250314 0.0470514
-0.254078 0.0395232
-0.261606 0.0357591
-0.272898 0.0282309
-0.280427 0.0244667
-0.287955 0.0169385
-0.295483 0.0131744
-0.306775 0.00564617
-0.314304 -0.00188206
-0.321832 -0.00941029
-0.32936 -0.0169385
-0.336888 -0.0282309
-0.348181 -0.0357591
-0.355709 -0.0432873
-0.363237 -0.0508156
-0.370765 -0.0621079
-0.382058 -0.0696361
-0.389586 -0.0809285
-0.397114 -0.0884567
-0.404642 -0.0959849
-0.412171 -0.107277
-0.419699 -0.114806
-0.427227 -0.126098
-0.430991 -0.133626
-0.438519 -0.141154
-0.442284 -0.148683
-0.446048 -0.159975
-0.453576 -0.167503
-0.461104 -0.178795
-0.464868 -0.190088
-0.468632 -0.197616
-0.476161 -0.208908
-0.479925 -0.220201
-0.483689 -0.227729
-0.491217 -0.239021
-0.494981 -0.24655
-0.498745 -0.254078
-0.502509 -0.261606
-0.506274 -0.272898
-0.510038 -0.284191
-0.517566 -0.291719
-0.52133 -0.303011
-0.525094 -0.314304
-0.532622 -0.325596
-0.536386 -0.336888
-0.543915 -0.348181
-0.547679 -0.359473
-0.551443 -0.370765
-0.551443 -0.382058
-0.558971 -0.397114
-0.558971 -0.412171
-0.562735 -0.419699
-0.562735 -0.430991
-0.566499 -0.438519
-0.566499 -0.446048
-0.566499 -0.453576
-0.570264 -0.45734
-0.570264 -0.464868
-0.574028 -0.472396
-0.574028 -0.483689
-0.574028 -0.491217
-0.577792 -0.502509
-0.577792 -0.510038
-0.581556 -0.52133
-0.581556 -0.528858
-0.581556 -0.540151
-0.58532 -0.551443
-0.58532 -0.558971
-0.58532 -0.570263
-0.58532 -0.574028
-0.58532 -0.581556
-0.589084 -0.592848
-0.589084 -0.600376
-0.589084 -0.611669
-0.589084 -0.622961
-0.592848 -0.634253
-0.592848 -0.641782
-0.592848 -0.653074
-0.596612 -0.664366
-0.600376 -0.679423
-0.600376 -0.694479
-0.600376 -0.709536
-0.600376 -0.724592
-0.600376 -0.735885
-0.600376 -0.750941
-0.604141 -0.773526
-0.604141 -0.792346
-0.607905 -0.811167
-0.607905 -0.833751
-0.607905 -0.852572
-0.607905 -0.871393
-0.607905 -0.893977
-0.604141 -0.912798
-0.604141 -0.935383
-0.596612 -0.954203
-0.592848 -0.973024
-0.592848 -0.995609
-0.58532 -1.01443
-0.581556 -1.03325
-0.574028 -1.05583
-0.574028 -1.07465
-0.570264 -1.09348
-0.562735 -1.11606
-0.558971 -1.13488
-0.547679 -1.1537
-0.543915 -1.17629
-0.532622 -1.19511
-0.525094 -1.21769
-0.525094 -1.23275
-0.52133 -1.24028
-0.517566 -1.25157
-0.513802 -1.25533
-0.510038 -1.26286
-0.510038 -1.26662
-0.506274 -1.27039
