294
-2.05332 -0.00188206
-2.04203 -0.00188206
-2.03074 -0.00188206
-2.02321 -0.00188206
-2.01192 -0.00188206
-2.00063 -0.00188206
-1.9931 -0.00188206
-1.98557 -0.00188206
-1.97428 -0.00188206
-1.96675 -0.00188206
-1.95922 -0.00188206
-1.95169 -0.00188206
-1.94793 -0.00188206
-1.94417 -0.00188206
-1.93664 -0.00188206
-1.93287 -0.00188206
-1.92911 -0.00188206
-1.92535 -0.00188206
-1.92158 -0.00188206
-1.91405 -0.00564617
-1.91029 -0.00564617
-1.90652 -0.00564617
-1.90276 -0.00564617
-1.899 -0.00564617
-1.89147 -0.00564617
-1.8877 -0.00564617
-1.88394 -0.00564617
-1.88018 -0.00564617
-1.87641 -0.00564617
-1.86888 -0.00564617
-1.86136 -0.00941029
-1.85383 -0.00941029
-1.85006 -0.00941029
-1.84253 -0.00941029
-1.83124 -0.0131744
-1.82748 -0.0131744
-1.81619 -0.0131744
-1.81242 -0.0169385
-1.80113 -0.0169385
-1.7936 -0.0169385
-1.78231 -0.0169385
-1.77478 -0.0207026
-1.76725 -0.0207026
-1.75972 -0.0207026
-1.74843 -0.0244667
-1.73714 -0.0244667
-1.72585 -0.0244667
-1.71455 -0.0244667
-1.6995 -0.0244667
-1.68821 -0.0282309
-1.67315 -0.0282309
-1.66186 -0.0282309
-1.65056 -0.0282309
-1.63927 -0.0282309
-1.62798 -0.0282309
-1.61669 -0.0282309
-1.6054 -0.0282309
-1.5941 -0.0282309
-1.57905 -0.0282309
-1.56023 -0.0282309
-1.54141 -0.0282309
-1.51506 -0.0282309
-1.48871 -0.0282309
-1.46236 -0.0282309
-1.43601 -0.0282309
-1.40966 -0.0282309
-1.37955 -0.0244667
-1.3532 -0.0244667
-1.32309 -0.0244667
-1.29674 -0.0244667
-1.26662 -0.0244667
-1.24404 -0.031995
-1.22146 -0.031995
-1.19887 -0.031995
-1.17629 -0.031995
-1.1537 -0.031995
-1.13112 -0.031995
-1.101 -0.031995
-1.07465 -0.031995
-1.04454 -0.031995
-1.01443 -0.031995
-0.98808 -0.031995
-0.957967 -0.031995
-0.931619 -0.031995
-0.901506 -0.031995
-0.871393 -0.031995
-0.845044 -0.031995
-0.822459 -0.031995
-0.799874 -0.031995
-0.77729 -0.031995
-0.754705 -0.031995
-0.739649 -0.031995
-0.724592 -0.031995
-0.709536 -0.031995
-0.694479 -0.031995
-0.679423 -0.031995
-0.660602 -0.031995
-0.641782 -0.031995
-0.619197 -0.031995
-0.592848 -0.031995
-0.566499 -0.031995
-0.543915 -0.031995
-0.517566 -0.031995
-0.491217 -0.031995
-0.461104 -0.031995
-0.434755 -0.031995
-0.415935 -0.031995
-0.39335 -0.031995
-0.370765 -0.031995
-0.344417 -0.031995
-0.318068 -0.031995
-0.287955 -0.031995
-0.257842 -0.031995
-0.231493 -0.031995
-0.20138 -0.031995
-0.175031 -0.031995
-0.144918 -0.031995
-0.122334 -0.0244667
-0.0997491 -0.0244667
-0.0809285 -0.0244667
-0.065872 -0.0169385
-0.0508156 -0.0169385
-0.0432873 -0.0169385
-0.0357591 -0.0169385
-0.031995 -0.0169385
-0.0244667 -0.0169385
-0.0207026 -0.0169385
-0.0131744 -0.0169385
-0.00941029 -0.0169385
-0.00564617 -0.0169385
-0.00188206 -0.0169385
0.00188206 -0.0169385
0.00564617 -0.0169385
0.00941029 -0.0169385
0.0169385 -0.0169385
0.0282309 -0.0131744
0.0357591 -0.0131744
0.0432873 -0.0131744
0.0545797 -0.0131744
0.0621079 -0.0131744
0.0734003 -0.0131744
0.0846926 -0.0131744
0.0959849 -0.0131744
0.103513 -0.0131744
0.114806 -0.0131744
0.122334 -0.0131744
0.129862 -0.0131744
0.141154 -0.0131744
0.148683 -0.0131744
0.159975 -0.0131744
0.171267 -0.0131744
0.178795 -0.0131744
0.193852 -0.00941029
0.205144 -0.00941029
0.216437 -0.00941029
0.227729 -0.00941029
0.239021 -0.00941029
0.254078 -0.00941029
0.261606 -0.00941029
0.276662 -0.00941029
0.291719 -0.00941029
0.306775 -0.00941029
0.321832 -0.00941029
0.344417 -0.0169385
0.363237 -0.0169385
0.382058 -0.0169385
0.404642 -0.0169385
0.423463 -0.0169385
0.442284 -0.0169385
0.468632 -0.0169385
0.494981 -0.0169385
0.52133 -0.0169385
0.551443 -0.0169385
0.577792 -0.0169385
0.604141 -0.0169385
0.634253 -0.0169385
0.660602 -0.0169385
0.690715 -0.0169385
0.717064 -0.0169385
0.739649 -0.0207026
0.762233 -0.0207026
0.77729 -0.0207026
0.788582 -0.0207026
0.79611 -0.0207026
0.807403 -0.0207026
0.822459 -0.0282309
0.837516 -0.0282309
0.852572 -0.0282309
0.867629 -0.0282309
0.878921 -0.0282309
0.893977 -0.0282309
0.909034 -0.0282309
0.927854 -0.0282309
0.954203 -0.0282309
0.980552 -0.0282309
1.0069 -0.0282309
1.03325 -0.0357591
1.0596 -0.0357591
1.08971 -0.0357591
1.11606 -0.0357591
1.14617 -0.0357591
1.17252 -0.0357591
1.20263 -0.0357591
1.23275 -0.0282309
1.25533 -0.0282309
1.27792 -0.0282309
1.3005 -0.0282309
1.32309 -0.0207026
1.34567 -0.0207026
1.36449 -0.0207026
1.38708 -0.0207026
1.40966 -0.0207026
1.42472 -0.0207026
1.43977 -0.0207026
1.45107 -0.0207026
1.46612 -0.0207026
1.48118 -0.0207026
1.49247 -0.0207026
1.5 -0.0207026
1.51129 -0.0207026
1.52635 -0.0207026
1.53388 -0.0207026
1.54893 -0.0207026
1.56023 -0.0207026
1.57152 -0.0207026
1.58281 -0.0169385
1.59034 -0.0169385
1.59787 -0.0169385
1.60916 -0.0169385
1.61669 -0.0169385
1.62798 -0.0169385
1.63927 -0.0169385
1.65056 -0.0131744
1.66186 -0.0131744
1.66939 -0.00941029
1.67691 -0.00941029
1.68821 -0.00941029
1.69573 -0.00941029
1.70703 -0.00941029
1.71455 -0.00941029
1.72585 -0.00941029
1.7409 -0.00941029
1.74843 -0.00941029
1.75972 -0.00941029
1.77102 -0.00941029
1.78231 -0.00941029
1.7936 -0.00941029
1.80489 -0.00941029
1.81619 -0.00941029
1.82748 -0.00941029
1.84253 -0.00941029
1.85383 -0.00941029
1.86136 -0.00564617
1.87265 -0.00564617
1.88394 -0.00564617
1.89147 -0.00564617
1.899 -0.00564617
1.91029 -0.00188206
1.91405 -0.00188206
1.92158 -0.00188206
1.92911 -0.00188206
1.93664 0.00188206
1.94417 0.00188206
1.95546 0.00188206
1.96675 0.00188206
1.97428 0.00564617
1.98181 0.00564617
1.98557 0.00564617
1.9931 0.00564617
2.00063 0.00564617
2.01192 0.00564617
2.01945 0.00564617
2.03074 0.00941029
2.03827 0.00941029
2.04956 0.00941029
2.05709 0.00941029
2.06085 0.00941029
2.06838 0.0131744
2.07967 0.0131744
2.09097 0.0131744
2.09849 0.0131744
2.10979 0.0169385
2.11731 0.0169385
2.12108 0.0169385
2.12861 0.0169385
2.13237 0.0207026
2.13614 0.0207026
2.1399 0.0207026
2.14743 0.0207026
2.14743 0.0244667
2.15119 0.0244667
2.15496 0.0244667
2.15872 0.0244667
2.16248 0.0244667
