308
0.984316 0.438519
0.984316 0.442284
0.984316 0.446048
0.980552 0.449812
0.976788 0.453576
0.976788 0.461104
0.973024 0.468632
0.96926 0.476161
0.965496 0.483689
0.961731 0.494981
0.957967 0.506274
0.950439 0.513802
0.946675 0.52133
0.942911 0.532622
0.935383 0.540151
0.931619 0.551443
0.927854 0.558971
0.920326 0.566499
0.912798 0.570263
0.909034 0.574028
0.90527 0.581556
0.901506 0.589084
0.897742 0.589084
0.893977 0.596612
0.890213 0.600376
0.882685 0.604141
0.875157 0.611669
0.867629 0.619197
0.8601 0.626725
0.848808 0.634253
0.837516 0.645546
0.829987 0.653074
0.818695 0.660602
0.807403 0.671895
0.79611 0.679423
0.788582 0.686951
0.781054 0.694479
0.769762 0.702008
0.758469 0.7133
0.750941 0.717064
0.743413 0.724592
0.735885 0.728356
0.724592 0.735885
0.717064 0.743413
0.709536 0.747177
0.698243 0.750941
0.690715 0.754705
0.679423 0.758469
0.66813 0.765997
0.653074 0.769762
0.634253 0.773526
0.607905 0.781054
0.577792 0.792346
0.547679 0.79611
0.528858 0.803639
0.506274 0.811167
0.487453 0.822459
0.472396 0.826223
0.45734 0.833751
0.434755 0.837516
0.412171 0.845044
0.385822 0.852572
0.355709 0.8601
0.318068 0.863864
0.284191 0.871393
0.24655 0.878921
0.208908 0.886449
0.171267 0.893977
0.13739 0.901506
0.107277 0.909034
0.0734003 0.916562
0.0432873 0.916562
0.0131744 0.92409
-0.0169385 0.92409
-0.0545797 0.931619
-0.0959849 0.931619
-0.133626 0.939147
-0.163739 0.939147
-0.197616 0.939147
-0.227729 0.939147
-0.257842 0.939147
-0.291719 0.939147
-0.321832 0.939147
-0.351945 0.939147
-0.382058 0.931619
-0.404642 0.92409
-0.427227 0.916562
-0.453576 0.90527
-0.476161 0.897741
-0.506274 0.886449
-0.532622 0.875157
-0.577792 0.8601
-0.622961 0.84128
-0.653074 0.826223
-0.683187 0.807403
-0.705772 0.792346
-0.728356 0.773526
-0.754705 0.758469
-0.77729 0.739649
-0.799874 0.724592
-0.826223 0.705772
-0.84128 0.683187
-0.8601 0.660602
-0.875157 0.634253
-0.893977 0.611669
-0.909034 0.589084
-0.92409 0.566499
-0.942911 0.543915
-0.957967 0.52133
-0.973024 0.491217
-0.98808 0.464868
-1.0069 0.434755
-1.02196 0.404642
-1.04078 0.374529
-1.04454 0.344417
-1.05207 0.321832
-1.0596 0.299247
-1.06713 0.276662
-1.07089 0.250314
-1.07842 0.227729
-1.07842 0.205144
-1.08595 0.18256
-1.08595 0.159975
-1.08595 0.13739
-1.08595 0.114806
-1.08595 0.0959849
-1.07842 0.0734003
-1.07842 0.0508156
-1.07465 0.031995
-1.06713 0.00941029
-1.0596 -0.0169385
-1.05583 -0.0395232
-1.04831 -0.065872
-1.04454 -0.0922208
-1.03701 -0.122334
-1.02949 -0.148683
-1.02572 -0.175031
-1.01443 -0.205144
-1.0069 -0.235257
-1.00314 -0.254078
-0.991844 -0.284191
-0.984316 -0.314304
-0.973024 -0.344417
-0.965496 -0.374529
-0.957967 -0.404642
-0.946675 -0.434755
-0.935383 -0.464868
-0.927854 -0.487453
-0.909034 -0.510038
-0.893977 -0.532622
-0.875157 -0.555207
-0.8601 -0.581556
-0.84128 -0.604141
-0.826223 -0.626725
-0.811167 -0.64931
-0.792346 -0.671895
-0.77729 -0.698243
-0.754705 -0.720828
-0.73212 -0.743413
-0.705772 -0.765997
-0.683187 -0.781054
-0.656838 -0.799874
-0.626725 -0.803639
-0.596612 -0.822459
-0.574028 -0.837516
-0.551443 -0.845044
-0.52133 -0.852572
-0.491217 -0.863864
-0.461104 -0.871393
-0.427227 -0.875157
-0.389586 -0.886449
-0.351945 -0.886449
-0.314304 -0.893977
-0.276662 -0.901506
-0.24655 -0.901506
-0.216437 -0.90527
-0.186324 -0.90527
-0.156211 -0.90527
-0.126098 -0.912798
-0.0959849 -0.912798
-0.0583438 -0.912798
-0.0207026 -0.912798
0.0169385 -0.912798
0.0545797 -0.912798
0.0922208 -0.912798
0.129862 -0.90527
0.171267 -0.90527
0.208908 -0.90527
0.24655 -0.897741
0.287955 -0.890213
0.31054 -0.882685
0.336888 -0.871393
0.359473 -0.8601
0.385822 -0.848808
0.408407 -0.84128
0.434755 -0.829987
0.45734 -0.818695
0.479925 -0.803639
0.502509 -0.784818
0.525094 -0.769762
0.547679 -0.754705
0.570264 -0.739649
0.592848 -0.717064
0.622961 -0.694479
0.645546 -0.671895
0.66813 -0.653074
0.690715 -0.638018
0.7133 -0.622961
0.735885 -0.604141
0.758469 -0.589084
0.781054 -0.574028
0.803639 -0.551443
0.822459 -0.528858
0.837516 -0.510038
0.852572 -0.494981
0.871393 -0.479925
0.886449 -0.461104
0.893977 -0.446048
0.901506 -0.430991
0.909034 -0.415935
0.916562 -0.400878
0.92409 -0.385822
0.939147 -0.370765
0.954203 -0.355709
0.961731 -0.340652
0.96926 -0.325596
0.980552 -0.31054
0.98808 -0.291719
0.991844 -0.276662
1.00314 -0.26537
1.0069 -0.250314
1.01443 -0.235257
1.01819 -0.220201
1.02572 -0.205144
1.03325 -0.190088
1.04078 -0.178795
1.04831 -0.163739
1.05207 -0.148683
1.0596 -0.133626
1.0596 -0.122334
1.06336 -0.111041
1.06336 -0.0997491
1.06713 -0.0922208
1.06713 -0.0809285
1.07089 -0.0696361
1.07089 -0.0621079
1.07465 -0.0545797
1.07465 -0.0432873
1.07842 -0.0357591
1.07842 -0.0282309
1.07842 -0.0207026
1.07842 -0.00941029
1.07842 -0.00188206
1.08218 0.00564617
1.08218 0.0169385
1.08218 0.0244667
1.08218 0.031995
1.08218 0.0395232
1.08218 0.0470514
1.08218 0.0545797
1.08218 0.065872
1.08218 0.0734003
1.07842 0.0809285
1.07842 0.0922208
1.07842 0.0997491
1.07842 0.111041
1.07842 0.122334
1.07465 0.129862
1.07465 0.13739
1.07465 0.144918
1.07089 0.152447
1.07089 0.159975
1.06713 0.167503
1.06713 0.175031
1.06336 0.186324
1.06336 0.193852
1.0596 0.205144
1.05583 0.212673
1.05207 0.223965
1.04831 0.231493
1.04831 0.239021
1.04454 0.250314
1.04454 0.254078
1.04078 0.26537
1.04078 0.272898
1.03701 0.284191
1.03325 0.291719
1.03325 0.303011
1.02949 0.31054
1.02572 0.321832
1.02572 0.32936
1.02196 0.336888
1.01819 0.344417
1.01819 0.351945
1.01819 0.355709
1.01819 0.363237
1.01443 0.367001
1.01443 0.374529
1.01066 0.382058
1.0069 0.385822
1.0069 0.39335
1.00314 0.400878
1.00314 0.404642
0.999373 0.412171
0.999373 0.419699
0.995609 0.423463
0.995609 0.427227
0.991844 0.430991
