263
0.272898 0.276662
0.269134 0.280427
0.26537 0.280427
0.261606 0.284191
0.257842 0.284191
0.257842 0.287955
0.24655 0.287955
0.242785 0.291719
0.239021 0.291719
0.235257 0.295483
0.227729 0.295483
0.223965 0.295483
0.216437 0.299247
0.212673 0.299247
0.205144 0.303011
0.20138 0.303011
0.193852 0.306775
0.186324 0.31054
0.175031 0.31054
0.167503 0.314304
0.156211 0.314304
0.148683 0.314304
0.13739 0.314304
0.129862 0.314304
0.122334 0.314304
0.11857 0.314304
0.111041 0.314304
0.0997491 0.314304
0.0922208 0.314304
0.0846926 0.314304
0.0771644 0.31054
0.0734003 0.31054
0.0621079 0.31054
0.0583438 0.31054
0.0508156 0.306775
0.0432873 0.306775
0.0357591 0.306775
0.031995 0.306775
0.0282309 0.303011
0.0207026 0.303011
0.0131744 0.303011
0.00564617 0.299247
-0.00564617 0.295483
-0.0131744 0.291719
-0.0207026 0.291719
-0.031995 0.291719
-0.0395232 0.287955
-0.0470514 0.287955
-0.0545797 0.284191
-0.0583438 0.280427
-0.065872 0.276662
-0.0696361 0.276662
-0.0771644 0.272898
-0.0809285 0.269134
-0.0922208 0.26537
-0.0997491 0.261606
-0.111041 0.257842
-0.11857 0.250314
-0.126098 0.24655
-0.133626 0.242785
-0.141154 0.239021
-0.144918 0.231493
-0.156211 0.223965
-0.163739 0.216437
-0.171267 0.208908
-0.178795 0.20138
-0.18256 0.197616
-0.186324 0.190088
-0.190088 0.186324
-0.193852 0.178795
-0.197616 0.171267
-0.20138 0.163739
-0.205144 0.156211
-0.208908 0.152447
-0.208908 0.144918
-0.208908 0.13739
-0.208908 0.129862
-0.212673 0.122334
-0.212673 0.111041
-0.212673 0.0997491
-0.212673 0.0922208
-0.212673 0.0809285
-0.208908 0.0734003
-0.205144 0.065872
-0.205144 0.0545797
-0.20138 0.0432873
-0.20138 0.0357591
-0.20138 0.0282309
-0.20138 0.0169385
-0.197616 0.00941029
-0.197616 0.00188206
-0.193852 -0.00941029
-0.193852 -0.0169385
-0.193852 -0.0282309
-0.190088 -0.0357591
-0.190088 -0.0432873
-0.186324 -0.0508156
-0.186324 -0.0583438
-0.18256 -0.065872
-0.18256 -0.0734003
-0.178795 -0.0809285
-0.175031 -0.0884567
-0.175031 -0.0922208
-0.171267 -0.0997491
-0.171267 -0.103513
-0.167503 -0.111041
-0.163739 -0.114806
-0.163739 -0.11857
-0.159975 -0.126098
-0.156211 -0.129862
-0.152447 -0.133626
-0.148683 -0.141154
-0.144918 -0.144918
-0.141154 -0.148683
-0.13739 -0.152447
-0.129862 -0.159975
-0.122334 -0.167503
-0.11857 -0.171267
-0.114806 -0.175031
-0.107277 -0.18256
-0.103513 -0.186324
-0.0959849 -0.190088
-0.0884567 -0.193852
-0.0809285 -0.197616
-0.0734003 -0.20138
-0.065872 -0.208908
-0.0621079 -0.208908
-0.0545797 -0.212673
-0.0470514 -0.212673
-0.0395232 -0.212673
-0.0357591 -0.216437
-0.0282309 -0.216437
-0.0207026 -0.216437
-0.0131744 -0.220201
0.00188206 -0.223965
0.0131744 -0.223965
0.0244667 -0.223965
0.0357591 -0.223965
0.0432873 -0.223965
0.0508156 -0.223965
0.0621079 -0.223965
0.0696361 -0.223965
0.0771644 -0.223965
0.0809285 -0.223965
0.0884567 -0.223965
0.0959849 -0.223965
0.103513 -0.223965
0.111041 -0.223965
0.11857 -0.223965
0.126098 -0.223965
0.133626 -0.223965
0.141154 -0.220201
0.144918 -0.220201
0.152447 -0.216437
0.156211 -0.216437
0.163739 -0.212673
0.167503 -0.212673
0.175031 -0.208908
0.178795 -0.205144
0.186324 -0.20138
0.190088 -0.197616
0.197616 -0.193852
0.20138 -0.190088
0.208908 -0.18256
0.216437 -0.18256
0.223965 -0.175031
0.227729 -0.171267
0.235257 -0.167503
0.242785 -0.163739
0.24655 -0.159975
0.250314 -0.152447
0.257842 -0.148683
0.261606 -0.144918
0.269134 -0.141154
0.276662 -0.13739
0.280427 -0.129862
0.284191 -0.126098
0.287955 -0.122334
0.295483 -0.11857
0.299247 -0.111041
0.303011 -0.107277
0.306775 -0.0997491
0.306775 -0.0959849
0.31054 -0.0884567
0.314304 -0.0846926
0.318068 -0.0771644
0.321832 -0.0696361
0.325596 -0.065872
0.32936 -0.0583438
0.333124 -0.0545797
0.336888 -0.0470514
0.340652 -0.0432873
0.340652 -0.0395232
0.344417 -0.0357591
0.348181 -0.0282309
0.348181 -0.0207026
0.348181 -0.0169385
0.351945 -0.00941029
0.355709 -0.00188206
0.355709 0.00564617
0.359473 0.0131744
0.359473 0.0207026
0.363237 0.0282309
0.363237 0.0357591
0.367001 0.0432873
0.367001 0.0508156
0.370765 0.0583438
0.370765 0.0621079
0.374529 0.0696361
0.374529 0.0771644
0.374529 0.0809285
0.374529 0.0884567
0.378294 0.0959849
0.378294 0.103513
0.378294 0.107277
0.378294 0.114806
0.378294 0.122334
0.378294 0.126098
0.378294 0.129862
0.378294 0.133626
0.378294 0.13739
0.378294 0.141154
0.378294 0.144918
0.374529 0.152447
0.374529 0.156211
0.374529 0.163739
0.374529 0.167503
0.370765 0.171267
0.370765 0.175031
0.370765 0.178795
0.367001 0.18256
0.367001 0.186324
0.367001 0.190088
0.367001 0.193852
0.363237 0.197616
0.363237 0.20138
0.359473 0.205144
0.359473 0.208908
0.355709 0.212673
0.355709 0.216437
0.351945 0.220201
0.348181 0.220201
0.348181 0.223965
0.344417 0.223965
0.340652 0.227729
0.336888 0.231493
0.333124 0.235257
0.333124 0.239021
0.32936 0.242785
0.325596 0.242785
0.325596 0.24655
0.325596 0.250314
0.321832 0.254078
0.318068 0.254078
0.314304 0.257842
0.31054 0.257842
0.31054 0.261606
0.306775 0.26537
0.303011 0.26537
0.303011 0.269134
0.299247 0.269134
0.295483 0.269134
0.295483 0.272898
