358
-2.70668 0.687045
-2.7159 0.696267
-2.72512 0.714711
-2.73435 0.714711
-2.73435 0.723933
-2.73435 0.733155
-2.73435 0.751599
-2.73435 0.760821
-2.73435 0.770043
-2.73435 0.788488
-2.73435 0.806932
-2.73435 0.825376
-2.73435 0.84382
-2.73435 0.862264
-2.74357 0.880708
-2.74357 0.899153
-2.74357 0.917597
-2.74357 0.926819
-2.74357 0.954485
-2.74357 0.963707
-2.74357 0.991373
-2.74357 1.0006
-2.74357 1.01904
-2.74357 1.03748
-2.74357 1.05593
-2.74357 1.07437
-2.74357 1.08359
-2.74357 1.11126
-2.74357 1.1297
-2.74357 1.14815
-2.73435 1.17581
-2.73435 1.19426
-2.73435 1.2127
-2.73435 1.24037
-2.73435 1.26804
-2.72512 1.2957
-2.72512 1.32337
-2.72512 1.35103
-2.72512 1.36948
-2.72512 1.38792
-2.7159 1.40637
-2.7159 1.41559
-2.70668 1.43403
-2.70668 1.44326
-2.70668 1.45248
-2.69746 1.47092
-2.69746 1.48937
-2.69746 1.50781
-2.68824 1.52625
-2.68824 1.55392
-2.67901 1.58159
-2.66979 1.60925
-2.66057 1.6277
-2.65135 1.65536
-2.65135 1.67381
-2.64213 1.69225
-2.6329 1.71992
-2.62368 1.74758
-2.61446 1.77525
-2.60524 1.79369
-2.59601 1.81214
-2.58679 1.83058
-2.58679 1.8398
-2.57757 1.85825
-2.57757 1.86747
-2.56835 1.88591
-2.55913 1.89514
-2.55913 1.90436
-2.5499 1.9228
-2.53146 1.94125
-2.52224 1.95047
-2.50379 1.96891
-2.48535 1.98736
-2.47613 2.0058
-2.45768 2.01502
-2.44846 2.02425
-2.43002 2.03347
-2.4208 2.04269
-2.40235 2.05191
-2.38391 2.06113
-2.36546 2.07036
-2.3378 2.07036
-2.31013 2.07958
-2.28246 2.07958
-2.2548 2.0888
-2.22713 2.0888
-2.19024 2.09802
-2.15336 2.09802
-2.12569 2.09802
-2.09802 2.10724
-2.07036 2.10724
-2.04269 2.10724
-2.0058 2.10724
-1.98736 2.11647
-1.95047 2.11647
-1.91358 2.11647
-1.88591 2.11647
-1.85825 2.11647
-1.83058 2.11647
-1.80292 2.11647
-1.76603 2.11647
-1.73836 2.12569
-1.7107 2.12569
-1.68303 2.12569
-1.66458 2.12569
-1.64614 2.12569
-1.61847 2.12569
-1.60003 2.12569
-1.57236 2.12569
-1.55392 2.11647
-1.51703 2.11647
-1.48937 2.11647
-1.4617 2.11647
-1.43403 2.10724
-1.40637 2.10724
-1.36948 2.10724
-1.34181 2.09802
-1.30492 2.09802
-1.26804 2.0888
-1.23115 2.0888
-1.17581 2.07958
-1.1297 2.07036
-1.07437 2.05191
-1.02826 2.03347
-0.991373 2.03347
-0.954485 2.02425
-0.917597 2.0058
-0.880708 2.0058
-0.853042 1.98736
-0.816154 1.96891
-0.760821 1.95047
-0.714711 1.94125
-0.668601 1.9228
-0.613268 1.90436
-0.57638 1.88591
-0.557936 1.87669
-0.521047 1.86747
-0.474937 1.8398
-0.419605 1.83058
-0.391938 1.81214
-0.35505 1.79369
-0.318162 1.78447
-0.290495 1.76603
-0.272051 1.75681
-0.253607 1.74758
-0.244385 1.72914
-0.225941 1.71992
-0.216719 1.70147
-0.198275 1.68303
-0.179831 1.66458
-0.170608 1.64614
-0.161386 1.63692
-0.152164 1.61847
-0.142942 1.60925
-0.142942 1.60003
-0.13372 1.58159
-0.13372 1.57236
-0.13372 1.56314
-0.13372 1.55392
-0.13372 1.5447
-0.13372 1.53548
-0.124498 1.53548
-0.124498 1.52625
-0.124498 1.50781
-0.124498 1.49859
-0.124498 1.48014
-0.124498 1.47092
-0.124498 1.45248
-0.124498 1.43403
-0.124498 1.41559
-0.124498 1.38792
-0.13372 1.36948
-0.142942 1.34181
-0.142942 1.32337
-0.152164 1.2957
-0.152164 1.27726
-0.152164 1.25881
-0.152164 1.24959
-0.161386 1.24037
-0.161386 1.22193
-0.170608 1.2127
-0.170608 1.20348
-0.179831 1.18504
-0.179831 1.17581
-0.189053 1.15737
-0.189053 1.14815
-0.189053 1.1297
-0.207497 1.11126
-0.207497 1.09282
-0.216719 1.07437
-0.216719 1.06515
-0.225941 1.03748
-0.225941 1.01904
-0.235163 1.0006
-0.235163 0.982151
-0.244385 0.972929
-0.244385 0.954485
-0.244385 0.945263
-0.253607 0.936041
-0.253607 0.917597
-0.253607 0.899153
-0.262829 0.880708
-0.272051 0.862264
-0.281273 0.84382
-0.281273 0.825376
-0.290495 0.806932
-0.290495 0.788488
-0.290495 0.760821
-0.290495 0.742377
-0.290495 0.723933
-0.290495 0.714711
-0.290495 0.696267
-0.290495 0.677823
-0.290495 0.659379
-0.290495 0.640934
-0.290495 0.613268
-0.290495 0.594824
-0.290495 0.57638
-0.290495 0.557936
-0.290495 0.530269
-0.290495 0.511825
-0.290495 0.493381
-0.290495 0.474937
-0.290495 0.456493
-0.281273 0.428827
-0.281273 0.40116
-0.281273 0.382716
-0.272051 0.35505
-0.272051 0.327384
-0.272051 0.299718
-0.262829 0.272051
-0.262829 0.244385
-0.253607 0.225941
-0.253607 0.207497
-0.244385 0.189053
-0.244385 0.170608
-0.235163 0.142942
-0.225941 0.124498
-0.216719 0.0968318
-0.207497 0.0783877
-0.198275 0.0599435
-0.189053 0.0322773
-0.179831 0.00461104
-0.170608 -0.0230552
-0.161386 -0.0414994
-0.152164 -0.0691656
-0.142942 -0.0876097
-0.13372 -0.106054
-0.124498 -0.13372
-0.106054 -0.152164
-0.0968318 -0.170608
-0.0783877 -0.198275
-0.0691656 -0.207497
-0.0599435 -0.235163
-0.0414993 -0.253607
-0.0230552 -0.272051
-0.00461104 -0.290495
0.0230552 -0.318162
0.0414993 -0.336606
0.0691656 -0.35505
0.0968318 -0.373494
0.115276 -0.382716
0.13372 -0.40116
0.152164 -0.410382
0.161386 -0.419605
0.179831 -0.438049
0.198275 -0.447271
0.216719 -0.456493
0.235163 -0.465715
0.253607 -0.474937
0.272051 -0.484159
0.299718 -0.484159
0.327384 -0.493381
0.35505 -0.502603
0.391938 -0.511825
0.428827 -0.530269
0.456493 -0.539492
0.484159 -0.548714
0.511825 -0.557936
0.548714 -0.567158
0.57638 -0.57638
0.604046 -0.585602
0.631712 -0.585602
0.659379 -0.594824
0.696267 -0.604046
0.742377 -0.604046
0.788488 -0.604046
0.84382 -0.604046
0.908375 -0.604046
0.972929 -0.604046
1.03748 -0.604046
1.10204 -0.604046
1.16659 -0.604046
1.23115 -0.62249
1.30492 -0.62249
1.36948 -0.62249
1.42481 -0.62249
1.48014 -0.62249
1.52625 -0.62249
1.60003 -0.62249
1.66458 -0.604046
1.73836 -0.604046
1.81214 -0.585602
1.86747 -0.57638
1.91358 -0.57638
1.96891 -0.557936
2.02425 -0.539492
2.10724 -0.530269
2.19947 -0.502603
2.28246 -0.484159
2.36546 -0.474937
2.43924 -0.456493
2.49457 -0.438049
2.5499 -0.419605
2.60524 -0.40116
2.66057 -0.373494
2.7159 -0.364272
2.77123 -0.345828
2.80812 -0.327384
2.8819 -0.30894
2.95568 -0.290495
3.02945 -0.272051
3.09401 -0.253607
3.14934 -0.235163
3.20467 -0.207497
3.26 -0.198275
3.32456 -0.179831
3.39834 -0.161386
3.46289 -0.142942
3.53667 -0.124498
3.61044 -0.115276
3.675 -0.0968318
3.74877 -0.0691656
3.82255 -0.0599435
3.89633 -0.0322773
3.96088 -0.0138331
4.01621 -0.00461104
4.07155 0.0138331
4.12688 0.0322773
4.18221 0.0507214
4.25599 0.0599435
4.32976 0.0783877
4.39432 0.0968318
4.4681 0.106054
4.52343 0.124498
4.57876 0.142942
4.63409 0.152164
4.6802 0.179831
4.73554 0.198275
4.79087 0.207497
4.8462 0.225941
4.88309 0.235163
4.91998 0.253607
4.95687 0.272051
4.99375 0.281273
5.03064 0.281273
5.03987 0.290495
5.04909 0.290495
