553
-0.0169385 1.31932
-0.0207026 1.31556
-0.0207026 1.30803
-0.0207026 1.30427
-0.0244667 1.3005
-0.0244667 1.29297
-0.0244667 1.28545
-0.0282309 1.28168
-0.0282309 1.27792
-0.0282309 1.27039
-0.031995 1.26286
-0.031995 1.2591
-0.031995 1.25533
-0.031995 1.25157
-0.031995 1.2478
-0.0357591 1.24404
-0.0357591 1.24028
-0.0357591 1.23275
-0.0357591 1.22898
-0.0357591 1.22522
-0.0357591 1.22146
-0.0357591 1.21393
-0.0357591 1.21016
-0.0357591 1.20263
-0.0395232 1.19887
-0.0395232 1.19511
-0.0395232 1.18758
-0.0395232 1.18005
-0.0395232 1.17252
-0.0357591 1.16499
-0.0357591 1.15747
-0.0357591 1.14994
-0.0357591 1.14241
-0.0357591 1.13864
-0.0357591 1.13112
-0.0357591 1.12735
-0.0357591 1.12359
-0.0357591 1.11606
-0.0357591 1.1123
-0.0357591 1.10853
-0.0357591 1.101
-0.0357591 1.09348
-0.031995 1.08218
-0.031995 1.07842
-0.031995 1.07089
-0.031995 1.06713
-0.031995 1.0596
-0.031995 1.05207
-0.031995 1.04831
-0.031995 1.04078
-0.031995 1.03701
-0.031995 1.03325
-0.031995 1.02572
-0.031995 1.01819
-0.031995 1.01443
-0.0282309 1.0069
-0.0282309 0.999373
-0.0282309 0.991844
-0.0282309 0.98808
-0.0282309 0.980552
-0.0244667 0.973024
-0.0244667 0.965496
-0.0244667 0.961731
-0.0244667 0.954203
-0.0244667 0.946675
-0.0244667 0.942911
-0.0244667 0.935383
-0.0207026 0.927854
-0.0207026 0.92409
-0.0207026 0.920326
-0.0207026 0.912798
-0.0207026 0.909034
-0.0207026 0.901506
-0.0207026 0.893977
-0.0169385 0.890213
-0.0169385 0.882685
-0.0169385 0.875157
-0.0169385 0.871393
-0.0169385 0.867629
-0.0169385 0.863864
-0.0169385 0.8601
-0.0169385 0.856336
-0.0169385 0.852572
-0.0169385 0.848808
-0.0169385 0.845044
-0.0131744 0.84128
-0.0131744 0.837516
-0.0131744 0.833751
-0.0131744 0.829987
-0.0131744 0.826223
-0.0131744 0.822459
-0.0131744 0.814931
-0.0131744 0.811167
-0.0131744 0.803639
-0.0131744 0.799874
-0.0131744 0.792346
-0.0169385 0.788582
-0.0169385 0.784818
-0.0169385 0.77729
-0.0169385 0.773526
-0.0169385 0.765997
-0.0169385 0.762233
-0.0207026 0.758469
-0.0207026 0.754705
-0.0207026 0.747177
-0.0244667 0.743413
-0.0244667 0.735885
-0.0244667 0.73212
-0.0282309 0.728356
-0.0282309 0.724592
-0.0282309 0.720828
-0.0282309 0.717064
-0.0282309 0.7133
-0.031995 0.705772
-0.031995 0.702008
-0.031995 0.698243
-0.0357591 0.694479
-0.0357591 0.690715
-0.0395232 0.686951
-0.0395232 0.683187
-0.0395232 0.679423
-0.0432873 0.675659
-0.0432873 0.671895
-0.0470514 0.66813
-0.0470514 0.664366
-0.0470514 0.660602
-0.0508156 0.656838
-0.0545797 0.653074
-0.0545797 0.64931
-0.0583438 0.645546
-0.0621079 0.641782
-0.0621079 0.638018
-0.065872 0.638018
-0.065872 0.634253
-0.065872 0.630489
-0.0696361 0.626725
-0.0696361 0.622961
-0.0734003 0.619197
-0.0771644 0.615433
-0.0809285 0.615433
-0.0809285 0.611669
-0.0809285 0.607905
-0.0884567 0.607905
-0.0884567 0.604141
-0.0922208 0.600376
-0.0922208 0.596612
-0.0997491 0.592848
-0.103513 0.589084
-0.107277 0.58532
-0.111041 0.581556
-0.114806 0.577792
-0.11857 0.574028
-0.126098 0.570263
-0.126098 0.566499
-0.133626 0.562735
-0.133626 0.558971
-0.141154 0.555207
-0.141154 0.551443
-0.148683 0.547679
-0.152447 0.543915
-0.152447 0.540151
-0.156211 0.536386
-0.159975 0.532622
-0.163739 0.528858
-0.167503 0.525094
-0.171267 0.52133
-0.171267 0.517566
-0.178795 0.513802
-0.178795 0.510038
-0.186324 0.506274
-0.190088 0.506274
-0.190088 0.502509
-0.197616 0.498745
-0.205144 0.494981
-0.208908 0.491217
-0.212673 0.487453
-0.216437 0.483689
-0.223965 0.479925
-0.227729 0.476161
-0.235257 0.472396
-0.239021 0.468632
-0.242785 0.464868
-0.24655 0.461104
-0.250314 0.461104
-0.254078 0.45734
-0.257842 0.453576
-0.26537 0.449812
-0.269134 0.446048
-0.272898 0.442284
-0.280427 0.438519
-0.284191 0.438519
-0.287955 0.434755
-0.295483 0.427227
-0.303011 0.423463
-0.31054 0.419699
-0.318068 0.412171
-0.325596 0.404642
-0.32936 0.400878
-0.333124 0.397114
-0.336888 0.39335
-0.344417 0.389586
-0.348181 0.385822
-0.351945 0.382058
-0.355709 0.378294
-0.359473 0.378294
-0.359473 0.374529
-0.363237 0.370765
-0.367001 0.367001
-0.370765 0.363237
-0.374529 0.359473
-0.374529 0.355709
-0.378294 0.348181
-0.385822 0.344417
-0.385822 0.336888
-0.389586 0.32936
-0.397114 0.321832
-0.397114 0.31054
-0.400878 0.303011
-0.408407 0.295483
-0.412171 0.284191
-0.415935 0.276662
-0.419699 0.269134
-0.423463 0.261606
-0.423463 0.254078
-0.427227 0.24655
-0.430991 0.239021
-0.430991 0.235257
-0.434755 0.231493
-0.434755 0.227729
-0.434755 0.223965
-0.438519 0.223965
-0.438519 0.216437
-0.442284 0.212673
-0.442284 0.205144
-0.446048 0.197616
-0.446048 0.193852
-0.446048 0.186324
-0.449812 0.178795
-0.449812 0.171267
-0.449812 0.163739
-0.449812 0.156211
-0.449812 0.148683
-0.449812 0.141154
-0.449812 0.133626
-0.449812 0.129862
-0.449812 0.122334
-0.449812 0.11857
-0.449812 0.111041
-0.449812 0.103513
-0.449812 0.0997491
-0.449812 0.0959849
-0.446048 0.0884567
-0.446048 0.0809285
-0.442284 0.0771644
-0.442284 0.0734003
-0.438519 0.065872
-0.438519 0.0583438
-0.434755 0.0545797
-0.430991 0.0470514
-0.430991 0.0395232
-0.430991 0.031995
-0.427227 0.0244667
-0.423463 0.0207026
-0.423463 0.0131744
-0.419699 0.00564617
-0.419699 -0.00188206
-0.415935 -0.00941029
-0.415935 -0.0169385
-0.412171 -0.0244667
-0.408407 -0.0282309
-0.408407 -0.0357591
-0.404642 -0.0395232
-0.400878 -0.0470514
-0.400878 -0.0508156
-0.400878 -0.0545797
-0.397114 -0.0583438
-0.397114 -0.0621079
-0.39335 -0.065872
-0.39335 -0.0696361
-0.39335 -0.0734003
-0.389586 -0.0771644
-0.385822 -0.0846926
-0.385822 -0.0884567
-0.382058 -0.0922208
-0.382058 -0.0959849
-0.378294 -0.0997491
-0.378294 -0.103513
-0.378294 -0.107277
-0.374529 -0.107277
-0.370765 -0.111041
-0.370765 -0.114806
-0.370765 -0.11857
-0.367001 -0.122334
-0.363237 -0.122334
-0.363237 -0.126098
-0.355709 -0.129862
-0.355709 -0.133626
-0.348181 -0.13739
-0.344417 -0.141154
-0.340652 -0.144918
-0.336888 -0.152447
-0.333124 -0.156211
-0.32936 -0.159975
-0.325596 -0.163739
-0.321832 -0.167503
-0.318068 -0.171267
-0.318068 -0.175031
-0.314304 -0.178795
-0.31054 -0.18256
-0.303011 -0.190088
-0.299247 -0.190088
-0.295483 -0.193852
-0.291719 -0.197616
-0.287955 -0.20138
-0.284191 -0.205144
-0.276662 -0.205144
-0.276662 -0.208908
-0.272898 -0.208908
-0.269134 -0.212673
-0.26537 -0.216437
-0.261606 -0.216437
-0.257842 -0.216437
-0.254078 -0.220201
-0.250314 -0.223965
-0.24655 -0.223965
-0.242785 -0.227729
-0.235257 -0.227729
-0.231493 -0.231493
-0.227729 -0.235257
-0.220201 -0.239021
-0.220201 -0.242785
-0.208908 -0.242785
-0.205144 -0.24655
-0.197616 -0.24655
-0.190088 -0.250314
-0.186324 -0.250314
-0.178795 -0.254078
-0.175031 -0.254078
-0.167503 -0.257842
-0.163739 -0.257842
-0.159975 -0.257842
-0.156211 -0.261606
-0.148683 -0.26537
-0.144918 -0.26537
-0.141154 -0.269134
-0.133626 -0.269134
-0.126098 -0.272898
-0.11857 -0.272898
-0.111041 -0.276662
-0.0997491 -0.276662
-0.0922208 -0.280427
-0.0846926 -0.284191
-0.0771644 -0.284191
-0.0696361 -0.284191
-0.0621079 -0.287955
-0.0545797 -0.291719
-0.0470514 -0.295483
-0.0395232 -0.295483
-0.0282309 -0.299247
-0.0207026 -0.299247
-0.00941029 -0.303011
0.00188206 -0.306775
0.00941029 -0.306775
0.0169385 -0.31054
0.0244667 -0.31054
0.031995 -0.31054
0.0395232 -0.314304
0.0432873 -0.318068
0.0508156 -0.321832
0.0583438 -0.321832
0.065872 -0.321832
0.0734003 -0.325596
0.0771644 -0.325596
0.0846926 -0.32936
0.0922208 -0.333124
0.103513 -0.333124
0.111041 -0.336888
0.122334 -0.340652
0.129862 -0.344417
0.141154 -0.348181
0.148683 -0.348181
0.156211 -0.351945
0.163739 -0.351945
0.171267 -0.355709
0.178795 -0.359473
0.186324 -0.363237
0.193852 -0.363237
0.197616 -0.367001
0.20138 -0.367001
0.208908 -0.370765
0.216437 -0.374529
0.223965 -0.378294
0.235257 -0.382058
0.239021 -0.385822
0.24655 -0.389586
0.254078 -0.389586
0.257842 -0.39335
0.261606 -0.397114
0.26537 -0.400878
0.272898 -0.404642
0.276662 -0.404642
0.280427 -0.408406
0.287955 -0.412171
0.295483 -0.415935
0.303011 -0.423463
0.31054 -0.427227
0.318068 -0.430991
0.325596 -0.434755
0.336888 -0.438519
0.340652 -0.442284
0.348181 -0.446048
0.351945 -0.449812
0.359473 -0.449812
0.367001 -0.453576
0.370765 -0.45734
0.374529 -0.461104
0.382058 -0.464868
0.385822 -0.468632
0.39335 -0.472396
0.400878 -0.479925
0.408407 -0.483689
0.415935 -0.491217
0.423463 -0.491217
0.430991 -0.494981
0.434755 -0.498745
0.442284 -0.502509
0.449812 -0.506274
0.453576 -0.510038
0.461104 -0.513802
0.464868 -0.517566
0.476161 -0.52133
0.479925 -0.525094
0.487453 -0.528858
0.494981 -0.532622
0.502509 -0.536386
0.513802 -0.540151
0.52133 -0.543915
0.528858 -0.551443
0.540151 -0.555207
0.547679 -0.558971
0.555207 -0.566499
0.562735 -0.574028
0.574028 -0.581556
0.581556 -0.58532
0.592848 -0.592848
0.600376 -0.600376
0.607905 -0.604141
0.615433 -0.607905
0.619197 -0.611669
0.626725 -0.615433
0.634253 -0.622961
0.641782 -0.626725
0.64931 -0.634253
0.656838 -0.638018
0.66813 -0.645546
0.671895 -0.64931
0.679423 -0.656838
0.686951 -0.660602
0.694479 -0.66813
0.698243 -0.671895
0.702008 -0.679423
0.705772 -0.683187
0.709536 -0.690715
0.7133 -0.694479
0.717064 -0.698243
0.720828 -0.705772
0.724592 -0.709536
0.728356 -0.717064
0.73212 -0.724592
0.739649 -0.73212
0.743413 -0.739649
0.747177 -0.747177
0.750941 -0.750941
0.754705 -0.754705
0.758469 -0.758469
0.762233 -0.765997
0.762233 -0.769762
0.765998 -0.773526
0.769762 -0.77729
0.773526 -0.781054
0.77729 -0.784818
0.781054 -0.792346
0.784818 -0.79611
0.792346 -0.799874
0.792346 -0.807403
0.799874 -0.811167
0.803639 -0.818695
0.807403 -0.826223
0.811167 -0.833751
0.818695 -0.837516
0.822459 -0.84128
0.829987 -0.848808
0.833752 -0.856336
0.84128 -0.863864
0.84128 -0.867629
0.848808 -0.875157
0.852572 -0.882685
0.8601 -0.890213
0.863864 -0.897741
0.871393 -0.90527
0.875157 -0.912798
0.878921 -0.920326
0.886449 -0.927854
0.890213 -0.935383
0.897742 -0.942911
0.897742 -0.946675
0.90527 -0.954203
0.909034 -0.961731
0.916562 -0.96926
0.920326 -0.973024
0.927854 -0.980552
0.931619 -0.98808
0.935383 -0.995609
0.942911 -1.00314
0.946675 -1.01066
0.950439 -1.01819
0.954203 -1.02572
0.961731 -1.03325
0.965496 -1.03701
0.96926 -1.04454
0.973024 -1.04831
0.976788 -1.05583
0.980552 -1.0596
0.98808 -1.06713
0.991844 -1.07465
0.995609 -1.08218
0.999373 -1.08971
1.00314 -1.09348
1.0069 -1.101
1.01066 -1.10853
1.01443 -1.1123
1.01819 -1.11606
1.01819 -1.11982
1.02572 -1.12359
1.02572 -1.12735
1.02572 -1.13112
1.02949 -1.13488
1.03325 -1.13488
1.03325 -1.13864
1.03701 -1.14241
1.04078 -1.14617
1.04078 -1.1537
1.04454 -1.15747
1.04831 -1.16499
1.04831 -1.16876
1.05207 -1.17252
1.05583 -1.18005
1.0596 -1.18381
1.0596 -1.18758
1.06336 -1.19134
1.06336 -1.19511
1.06713 -1.19511
1.06336 -1.19887
