365
0.0545797 -1.25533
0.0545797 -1.25157
0.0545797 -1.2478
0.0545797 -1.24028
0.0545797 -1.23651
0.0545797 -1.23275
0.0545797 -1.22898
0.0545797 -1.22522
0.0545797 -1.22146
0.0545797 -1.21393
0.0583438 -1.21016
0.0583438 -1.20263
0.0583438 -1.19511
0.0583438 -1.19134
0.0583438 -1.18381
0.0583438 -1.18005
0.0583438 -1.17629
0.0583438 -1.16876
0.0583438 -1.16499
0.0583438 -1.16123
0.0583438 -1.15747
0.0583438 -1.14994
0.0583438 -1.14617
0.0583438 -1.14241
0.0583438 -1.13864
0.0583438 -1.13488
0.0583438 -1.13112
0.0583438 -1.12735
0.0583438 -1.11982
0.0583438 -1.11606
0.0583438 -1.1123
0.0583438 -1.10477
0.0583438 -1.101
0.0583438 -1.09724
0.0583438 -1.08971
0.0583438 -1.08595
0.0583438 -1.08218
0.0583438 -1.07465
0.0621079 -1.07089
0.0621079 -1.06713
0.0621079 -1.06336
0.0621079 -1.05583
0.065872 -1.04831
0.065872 -1.04454
0.0696361 -1.04078
0.0734003 -1.03325
0.0734003 -1.02572
0.0771644 -1.01819
0.0809285 -1.01066
0.0809285 -0.999373
0.0846926 -0.991844
0.0922208 -0.984316
0.0959849 -0.973024
0.0997491 -0.965496
0.103513 -0.957967
0.107277 -0.954203
0.107277 -0.946675
0.111041 -0.942911
0.114806 -0.935383
0.11857 -0.931619
0.122334 -0.92409
0.126098 -0.916562
0.129862 -0.912798
0.129862 -0.909034
0.13739 -0.909034
0.13739 -0.90527
0.141154 -0.901506
0.144918 -0.901506
0.144918 -0.897741
0.148683 -0.897741
0.152447 -0.893977
0.159975 -0.890213
0.163739 -0.886449
0.167503 -0.886449
0.175031 -0.882685
0.18256 -0.878921
0.190088 -0.875157
0.20138 -0.871393
0.208908 -0.867629
0.220201 -0.863864
0.227729 -0.856336
0.239021 -0.852572
0.250314 -0.845044
0.261606 -0.837516
0.269134 -0.833751
0.280427 -0.826223
0.291719 -0.818695
0.303011 -0.814931
0.31054 -0.807403
0.318068 -0.799874
0.325596 -0.79611
0.333124 -0.788582
0.336888 -0.781054
0.344417 -0.773526
0.351945 -0.769762
0.355709 -0.762233
0.359473 -0.754705
0.363237 -0.747177
0.370765 -0.739649
0.370765 -0.73212
0.374529 -0.724592
0.378294 -0.717064
0.382058 -0.7133
0.382058 -0.705772
0.385822 -0.702008
0.385822 -0.698243
0.385822 -0.694479
0.385822 -0.690715
0.385822 -0.683187
0.385822 -0.679423
0.385822 -0.675659
0.389586 -0.671895
0.389586 -0.664366
0.389586 -0.660602
0.389586 -0.64931
0.389586 -0.645546
0.389586 -0.634253
0.389586 -0.630489
0.389586 -0.622961
0.389586 -0.615433
0.389586 -0.607905
0.385822 -0.600376
0.385822 -0.596612
0.385822 -0.589084
0.385822 -0.581556
0.382058 -0.574028
0.378294 -0.566499
0.378294 -0.558971
0.374529 -0.547679
0.370765 -0.540151
0.367001 -0.528858
0.367001 -0.52133
0.363237 -0.517566
0.359473 -0.510038
0.359473 -0.502509
0.355709 -0.494981
0.351945 -0.487453
0.351945 -0.479925
0.348181 -0.472396
0.344417 -0.464868
0.340652 -0.45734
0.340652 -0.449812
0.336888 -0.446048
0.333124 -0.438519
0.32936 -0.434755
0.325596 -0.430991
0.325596 -0.427227
0.321832 -0.419699
0.318068 -0.415935
0.314304 -0.412171
0.31054 -0.408406
0.306775 -0.400878
0.299247 -0.39335
0.291719 -0.385822
0.284191 -0.382058
0.280427 -0.374529
0.272898 -0.370765
0.26537 -0.367001
0.257842 -0.359473
0.257842 -0.355709
0.250314 -0.351945
0.24655 -0.348181
0.235257 -0.344417
0.231493 -0.340652
0.223965 -0.336888
0.216437 -0.333124
0.208908 -0.32936
0.20138 -0.325596
0.193852 -0.321832
0.186324 -0.318068
0.175031 -0.314304
0.167503 -0.31054
0.159975 -0.306775
0.152447 -0.303011
0.148683 -0.299247
0.13739 -0.295483
0.126098 -0.291719
0.114806 -0.287955
0.0997491 -0.284191
0.0846926 -0.280427
0.0771644 -0.276662
0.065872 -0.272898
0.0583438 -0.269134
0.0470514 -0.26537
0.0357591 -0.261606
0.0282309 -0.257842
0.0169385 -0.250314
0.00564617 -0.250314
-0.00564617 -0.242785
-0.0131744 -0.239021
-0.0244667 -0.235257
-0.0395232 -0.231493
-0.0508156 -0.223965
-0.065872 -0.220201
-0.0809285 -0.216437
-0.0922208 -0.212673
-0.107277 -0.205144
-0.122334 -0.205144
-0.13739 -0.193852
-0.148683 -0.190088
-0.163739 -0.18256
-0.178795 -0.175031
-0.190088 -0.171267
-0.197616 -0.167503
-0.205144 -0.163739
-0.212673 -0.159975
-0.216437 -0.156211
-0.223965 -0.152447
-0.235257 -0.144918
-0.242785 -0.141154
-0.250314 -0.13739
-0.257842 -0.133626
-0.26537 -0.129862
-0.272898 -0.122334
-0.276662 -0.114806
-0.284191 -0.111041
-0.291719 -0.103513
-0.299247 -0.0959849
-0.306775 -0.0846926
-0.314304 -0.0734003
-0.321832 -0.065872
-0.32936 -0.0583438
-0.333124 -0.0470514
-0.336888 -0.0395232
-0.344417 -0.0282309
-0.348181 -0.0207026
-0.351945 -0.00941029
-0.355709 -0.00188206
-0.359473 0.0131744
-0.363237 0.0244667
-0.367001 0.0357591
-0.370765 0.0508156
-0.374529 0.0621079
-0.378294 0.0734003
-0.378294 0.0884567
-0.382058 0.103513
-0.385822 0.122334
-0.385822 0.144918
-0.385822 0.163739
-0.39335 0.18256
-0.39335 0.20138
-0.39335 0.223965
-0.39335 0.235257
-0.39335 0.250314
-0.39335 0.26537
-0.39335 0.280427
-0.389586 0.291719
-0.389586 0.303011
-0.385822 0.31054
-0.385822 0.321832
-0.382058 0.32936
-0.374529 0.336888
-0.374529 0.344417
-0.367001 0.351945
-0.367001 0.363237
-0.363237 0.370765
-0.355709 0.382058
-0.351945 0.39335
-0.344417 0.400878
-0.336888 0.408406
-0.333124 0.419699
-0.32936 0.423463
-0.321832 0.430991
-0.321832 0.438519
-0.314304 0.442284
-0.31054 0.449812
-0.303011 0.45734
-0.299247 0.461104
-0.291719 0.468632
-0.284191 0.476161
-0.276662 0.476161
-0.269134 0.483689
-0.257842 0.487453
-0.24655 0.491217
-0.239021 0.498745
-0.231493 0.502509
-0.223965 0.506274
-0.216437 0.513802
-0.208908 0.517566
-0.197616 0.52133
-0.190088 0.525094
-0.18256 0.532622
-0.171267 0.536386
-0.167503 0.540151
-0.156211 0.547679
-0.148683 0.551443
-0.13739 0.555207
-0.126098 0.562735
-0.11857 0.566499
-0.103513 0.570263
-0.0922208 0.574028
-0.0809285 0.577792
-0.065872 0.581556
-0.0545797 0.58532
-0.0432873 0.592848
-0.0282309 0.596612
-0.00564617 0.607905
0.0131744 0.611669
0.0357591 0.619197
0.0545797 0.626725
0.0771644 0.634253
0.0997491 0.641782
0.11857 0.64931
0.141154 0.656838
0.163739 0.664366
0.18256 0.66813
0.205144 0.679423
0.227729 0.683187
0.24655 0.690715
0.269134 0.698243
0.291719 0.705772
0.314304 0.7133
0.333124 0.717064
0.355709 0.724592
0.378294 0.73212
0.397114 0.739649
0.419699 0.747177
0.442284 0.750941
0.461104 0.758469
0.491217 0.765997
0.517566 0.769762
0.543915 0.77729
0.581556 0.781054
0.615433 0.788582
0.64931 0.799874
0.679423 0.803639
0.709536 0.811167
0.739649 0.818695
0.769762 0.826223
0.799874 0.829987
0.829987 0.837516
0.852572 0.837516
0.875157 0.845044
0.897742 0.852572
0.920326 0.852572
0.946675 0.8601
0.96926 0.863864
0.995609 0.863864
1.03325 0.871393
1.06713 0.871393
1.10477 0.871393
1.14994 0.878921
1.19134 0.878921
1.23651 0.878921
1.28168 0.886449
1.32309 0.886449
1.36826 0.890213
1.40966 0.897741
1.4473 0.897741
1.48871 0.90527
1.52635 0.90527
1.56023 0.912798
1.5941 0.912798
1.62798 0.920326
1.65809 0.927854
1.69197 0.927854
1.72585 0.935383
1.75596 0.935383
1.78984 0.935383
1.81242 0.935383
1.83501 0.935383
1.85759 0.935383
1.87641 0.935383
1.88018 0.935383
1.88394 0.935383
