139
3.02945 -0.244385
3.02023 -0.244385
3.00179 -0.235163
3.00179 -0.225941
2.99256 -0.198275
2.98334 -0.179831
2.97412 -0.161386
2.9649 -0.142942
2.95568 -0.115276
2.93723 -0.0968318
2.91879 -0.0691656
2.90957 -0.0414994
2.89112 -0.00461104
2.87268 0.0230552
2.84501 0.0599435
2.81734 0.0783877
2.7989 0.0968318
2.77123 0.124498
2.74357 0.161386
2.7159 0.198275
2.67901 0.244385
2.64213 0.290495
2.60524 0.327384
2.56835 0.373494
2.53146 0.419605
2.49457 0.465715
2.45768 0.511825
2.4208 0.557936
2.38391 0.594824
2.34702 0.640934
2.32857 0.687045
2.31013 0.723933
2.29169 0.760821
2.27324 0.79771
2.24558 0.834598
2.22713 0.880708
2.20869 0.936041
2.18102 0.991373
2.14413 1.03748
2.10724 1.09282
2.07036 1.13893
2.03347 1.19426
1.99658 1.24959
1.95969 1.2957
1.94125 1.35103
1.9228 1.39714
1.90436 1.45248
1.87669 1.48937
1.85825 1.52625
1.83058 1.56314
1.82136 1.60003
1.80292 1.63692
1.77525 1.67381
1.75681 1.70147
1.72914 1.72914
1.7107 1.75681
1.69225 1.78447
1.66458 1.82136
1.6277 1.85825
1.59081 1.90436
1.55392 1.94125
1.52625 1.96891
1.48937 2.0058
1.45248 2.04269
1.44326 2.07036
1.42481 2.0888
1.40637 2.11647
1.3787 2.15335
1.35103 2.19024
1.32337 2.22713
1.2957 2.2548
1.26804 2.27324
1.24959 2.29169
1.24037 2.31013
1.23115 2.31935
1.22193 2.3378
1.20348 2.36546
1.18504 2.38391
1.16659 2.40235
1.15737 2.4208
1.13893 2.43924
1.1297 2.44846
1.11126 2.47613
1.10204 2.47613
1.09282 2.49457
1.08359 2.50379
1.08359 2.51302
1.07437 2.52224
1.06515 2.53146
1.05593 2.5499
1.04671 2.55913
1.03748 2.57757
1.02826 2.59601
1.00982 2.61446
1.00982 2.62368
0.991373 2.64213
0.982151 2.66057
0.982151 2.66979
0.963707 2.68824
0.954485 2.7159
0.936041 2.73435
0.926819 2.75279
0.908375 2.78046
0.88993 2.80812
0.880708 2.81734
0.862264 2.83579
0.862264 2.84501
0.84382 2.86346
0.834598 2.87268
0.825376 2.89112
0.816154 2.90957
0.806932 2.91879
0.788488 2.93723
0.779266 2.95568
0.760821 2.97412
0.751599 2.99256
0.733155 3.01101
0.723933 3.02945
0.705489 3.0479
0.696267 3.06634
0.677823 3.07556
0.677823 3.10323
0.659379 3.12167
0.640934 3.14012
0.631712 3.15856
0.613268 3.17701
0.604046 3.18623
0.594824 3.19545
0.585602 3.21389
0.57638 3.22312
0.567158 3.23234
0.557936 3.25078
0.548714 3.26
0.539491 3.26923
0.539491 3.27845
0.530269 3.28767
0.521047 3.29689
0.511825 3.30611
0.511825 3.31534
