241
0.299718 0.594824
0.299718 0.604046
0.290495 0.604046
0.281273 0.604046
0.272051 0.604046
0.272051 0.613268
0.253607 0.613268
0.235163 0.62249
0.225941 0.62249
0.198275 0.631712
0.189053 0.631712
0.161386 0.640934
0.152164 0.640934
0.13372 0.640934
0.115276 0.640934
0.106054 0.640934
0.0876097 0.640934
0.0691656 0.631712
0.0599435 0.631712
0.0414993 0.631712
0.0230552 0.631712
0.00461104 0.631712
-0.0230552 0.62249
-0.0414993 0.613268
-0.0599435 0.613268
-0.0783877 0.604046
-0.106054 0.594824
-0.13372 0.585602
-0.161386 0.57638
-0.179831 0.567158
-0.198275 0.567158
-0.207497 0.557936
-0.216719 0.557936
-0.225941 0.548714
-0.244385 0.539492
-0.253607 0.530269
-0.272051 0.530269
-0.281273 0.521047
-0.290495 0.511825
-0.299718 0.502603
-0.318162 0.493381
-0.336606 0.484159
-0.35505 0.474937
-0.35505 0.465715
-0.364272 0.456493
-0.364272 0.447271
-0.364272 0.438049
-0.373494 0.428827
-0.382716 0.419605
-0.382716 0.410382
-0.391938 0.391938
-0.40116 0.373494
-0.40116 0.35505
-0.410382 0.327384
-0.428827 0.290495
-0.438049 0.253607
-0.447271 0.225941
-0.465715 0.198275
-0.465715 0.170608
-0.474937 0.152164
-0.474937 0.13372
-0.474937 0.115276
-0.474937 0.106054
-0.484159 0.0876097
-0.484159 0.0783877
-0.484159 0.0599435
-0.484159 0.0507214
-0.484159 0.0322773
-0.484159 0.0138331
-0.484159 0.00461104
-0.484159 -0.0138331
-0.484159 -0.0322773
-0.484159 -0.0599435
-0.484159 -0.0783877
-0.484159 -0.0968318
-0.484159 -0.124498
-0.484159 -0.142942
-0.484159 -0.161386
-0.484159 -0.179831
-0.484159 -0.198275
-0.474937 -0.216719
-0.474937 -0.225941
-0.465715 -0.244385
-0.456493 -0.253607
-0.447271 -0.272051
-0.438049 -0.272051
-0.438049 -0.290495
-0.419605 -0.299718
-0.410382 -0.318162
-0.40116 -0.327384
-0.391938 -0.336606
-0.382716 -0.345828
-0.373494 -0.35505
-0.35505 -0.373494
-0.345828 -0.382716
-0.336606 -0.391938
-0.318162 -0.40116
-0.299718 -0.419605
-0.281273 -0.428827
-0.272051 -0.447271
-0.253607 -0.447271
-0.244385 -0.465715
-0.225941 -0.474937
-0.225941 -0.484159
-0.216719 -0.493381
-0.207497 -0.493381
-0.198275 -0.502603
-0.189053 -0.502603
-0.179831 -0.511825
-0.170608 -0.511825
-0.161386 -0.521047
-0.142942 -0.521047
-0.13372 -0.530269
-0.115276 -0.530269
-0.0968318 -0.530269
-0.0783877 -0.530269
-0.0599435 -0.539492
-0.0414993 -0.539492
-0.0230552 -0.539492
-0.0138331 -0.539492
-0.00461104 -0.539492
0.00461104 -0.539492
0.0138331 -0.539492
0.0322773 -0.539492
0.0414993 -0.539492
0.0507214 -0.539492
0.0691656 -0.539492
0.0876097 -0.539492
0.106054 -0.548714
0.115276 -0.548714
0.13372 -0.548714
0.142942 -0.548714
0.152164 -0.548714
0.170608 -0.548714
0.179831 -0.548714
0.189053 -0.548714
0.198275 -0.548714
0.207497 -0.548714
0.216719 -0.548714
0.225941 -0.548714
0.235163 -0.539492
0.244385 -0.539492
0.253607 -0.539492
0.262829 -0.530269
0.281273 -0.521047
0.290495 -0.521047
0.30894 -0.511825
0.327384 -0.502603
0.336606 -0.493381
0.345828 -0.484159
0.35505 -0.484159
0.364272 -0.474937
0.373494 -0.465715
0.373494 -0.456493
0.382716 -0.447271
0.382716 -0.428827
0.391938 -0.419605
0.40116 -0.410382
0.40116 -0.40116
0.419605 -0.382716
0.419605 -0.364272
0.438049 -0.345828
0.438049 -0.336606
0.447271 -0.327384
0.456493 -0.30894
0.456493 -0.290495
0.456493 -0.281273
0.456493 -0.272051
0.465715 -0.253607
0.474937 -0.244385
0.474937 -0.235163
0.484159 -0.225941
0.484159 -0.207497
0.484159 -0.198275
0.484159 -0.189053
0.493381 -0.179831
0.493381 -0.170608
0.493381 -0.161386
0.493381 -0.152164
0.502603 -0.13372
0.502603 -0.124498
0.502603 -0.115276
0.502603 -0.106054
0.502603 -0.0876097
0.502603 -0.0783877
0.502603 -0.0599435
0.502603 -0.0507214
0.493381 -0.0322773
0.493381 -0.0138331
0.484159 0.00461104
0.474937 0.0138331
0.474937 0.0230552
0.474937 0.0322773
0.474937 0.0414994
0.474937 0.0507214
0.474937 0.0599435
0.465715 0.0691656
0.465715 0.0783877
0.465715 0.0876097
0.465715 0.0968318
0.456493 0.106054
0.456493 0.124498
0.456493 0.13372
0.447271 0.142942
0.447271 0.152164
0.447271 0.161386
0.438049 0.179831
0.438049 0.189053
0.438049 0.198275
0.428827 0.216719
0.419605 0.225941
0.419605 0.244385
0.410382 0.253607
0.410382 0.262829
0.410382 0.272051
0.40116 0.281273
0.40116 0.299718
0.40116 0.318162
0.391938 0.336606
0.382716 0.35505
0.382716 0.364272
0.382716 0.373494
0.382716 0.382716
0.382716 0.391938
0.373494 0.391938
0.373494 0.40116
0.364272 0.410382
0.35505 0.410382
0.35505 0.419605
0.345828 0.447271
0.345828 0.456493
0.336606 0.465715
0.336606 0.484159
0.327384 0.493381
0.327384 0.502603
0.327384 0.511825
0.318162 0.511825
0.318162 0.521047
0.318162 0.530269
0.30894 0.548714
0.30894 0.557936
