306
0.198275 2.92801
0.106054 2.90957
-0.0138331 2.89112
-0.13372 2.89112
-0.253607 2.87268
-0.318162 2.87268
-0.35505 2.87268
-0.382716 2.86346
-0.391938 2.85423
-0.428827 2.83579
-0.474937 2.82657
-0.548714 2.7989
-0.62249 2.78046
-0.696267 2.76201
-0.751599 2.74357
-0.806932 2.72512
-0.862264 2.70668
-0.917597 2.68824
-0.936041 2.66979
-0.963707 2.66057
-0.991373 2.64213
-1.00982 2.6329
-1.03748 2.61446
-1.07437 2.58679
-1.11126 2.57757
-1.15737 2.55913
-1.2127 2.53146
-1.27726 2.51302
-1.34181 2.47613
-1.40637 2.43924
-1.47092 2.40235
-1.5447 2.36546
-1.60003 2.32857
-1.64614 2.31013
-1.69225 2.28246
-1.70147 2.26402
-1.72914 2.24558
-1.76603 2.21791
-1.80292 2.19947
-1.8398 2.18102
-1.87669 2.14413
-1.91358 2.10724
-1.95047 2.07036
-1.98736 2.03347
-2.01502 1.99658
-2.05191 1.96891
-2.0888 1.93203
-2.11647 1.90436
-2.13491 1.87669
-2.1718 1.84903
-2.20869 1.81214
-2.24558 1.79369
-2.28246 1.76603
-2.29169 1.72914
-2.31013 1.69225
-2.3378 1.65536
-2.35624 1.61847
-2.37468 1.59081
-2.39313 1.53548
-2.41157 1.48937
-2.43002 1.44326
-2.45768 1.38792
-2.47613 1.34181
-2.48535 1.2957
-2.51302 1.24037
-2.53146 1.19426
-2.5499 1.15737
-2.56835 1.12048
-2.58679 1.08359
-2.60524 1.04671
-2.61446 1.00982
-2.6329 0.972929
-2.64213 0.936041
-2.66057 0.908375
-2.67901 0.871486
-2.70668 0.834598
-2.7159 0.806932
-2.72512 0.788488
-2.73435 0.770043
-2.74357 0.742377
-2.75279 0.714711
-2.76201 0.696267
-2.77123 0.668601
-2.78046 0.640934
-2.78968 0.613268
-2.78968 0.585602
-2.7989 0.557936
-2.80812 0.539492
-2.80812 0.521047
-2.80812 0.493381
-2.81734 0.465715
-2.81734 0.447271
-2.82657 0.419605
-2.82657 0.391938
-2.82657 0.364272
-2.82657 0.336606
-2.83579 0.299718
-2.83579 0.272051
-2.83579 0.244385
-2.83579 0.216719
-2.83579 0.189053
-2.83579 0.161386
-2.83579 0.13372
-2.83579 0.115276
-2.83579 0.0876097
-2.83579 0.0691656
-2.83579 0.0507214
-2.82657 0.0322773
-2.81734 0.0138331
-2.80812 0.00461104
-2.80812 -0.0230552
-2.7989 -0.0414994
-2.78046 -0.0691656
-2.77123 -0.0968318
-2.75279 -0.13372
-2.73435 -0.161386
-2.7159 -0.179831
-2.69746 -0.207497
-2.66057 -0.262829
-2.62368 -0.299718
-2.58679 -0.345828
-2.53146 -0.382716
-2.47613 -0.428827
-2.43002 -0.465715
-2.37468 -0.502603
-2.3378 -0.539492
-2.30091 -0.57638
-2.26402 -0.613268
-2.22713 -0.650156
-2.1718 -0.687045
-2.11647 -0.723933
-2.06113 -0.760821
-2.0058 -0.806932
-1.95969 -0.84382
-1.90436 -0.880708
-1.86747 -0.899153
-1.82136 -0.917597
-1.78447 -0.936041
-1.74758 -0.945263
-1.7107 -0.972929
-1.66458 -0.982151
-1.60925 -1.00982
-1.56314 -1.01904
-1.50781 -1.03748
-1.4617 -1.04671
-1.40637 -1.06515
-1.36026 -1.08359
-1.32337 -1.08359
-1.28648 -1.08359
-1.25881 -1.09282
-1.23115 -1.09282
-1.20348 -1.09282
-1.18504 -1.09282
-1.15737 -1.09282
-1.13893 -1.09282
-1.11126 -1.08359
-1.09282 -1.08359
-1.07437 -1.08359
-1.04671 -1.07437
-1.02826 -1.07437
-1.0006 -1.07437
-0.972929 -1.07437
-0.954485 -1.06515
-0.936041 -1.06515
-0.917597 -1.05593
-0.899153 -1.05593
-0.880708 -1.04671
-0.862264 -1.04671
-0.853042 -1.03748
-0.834598 -1.02826
-0.825376 -1.02826
-0.806932 -1.01904
-0.779266 -1.00982
-0.760821 -1.00982
-0.733155 -0.991373
-0.705489 -0.982151
-0.677823 -0.972929
-0.650156 -0.963707
-0.62249 -0.954485
-0.604046 -0.936041
-0.585602 -0.926819
-0.557936 -0.917597
-0.539491 -0.908375
-0.521047 -0.899153
-0.502603 -0.88993
-0.484159 -0.880708
-0.456493 -0.871486
-0.438049 -0.862264
-0.40116 -0.84382
-0.373494 -0.825376
-0.35505 -0.816154
-0.327384 -0.79771
-0.30894 -0.779266
-0.281273 -0.760821
-0.253607 -0.742377
-0.225941 -0.714711
-0.198275 -0.696267
-0.170608 -0.668601
-0.13372 -0.650156
-0.0968318 -0.631712
-0.0507214 -0.613268
-0.0138331 -0.594824
0.0230552 -0.57638
0.0507214 -0.557936
0.0876097 -0.539492
0.124498 -0.521047
0.161386 -0.502603
0.189053 -0.474937
0.225941 -0.456493
0.244385 -0.438049
0.272051 -0.428827
0.290495 -0.410382
0.30894 -0.391938
0.336606 -0.373494
0.364272 -0.35505
0.391938 -0.336606
0.410382 -0.318162
0.438049 -0.290495
0.456493 -0.272051
0.474937 -0.253607
0.493381 -0.225941
0.511825 -0.207497
0.530269 -0.179831
0.548714 -0.152164
0.57638 -0.115276
0.604046 -0.0691656
0.613268 -0.0230552
0.640934 0.0138331
0.677823 0.0599435
0.705489 0.0968318
0.742377 0.13372
0.779266 0.170608
0.816154 0.207497
0.853042 0.244385
0.88993 0.281273
0.926819 0.318162
0.936041 0.345828
0.954485 0.40116
0.982151 0.447271
0.991373 0.502603
1.02826 0.548714
1.06515 0.604046
1.10204 0.659379
1.13893 0.705489
1.17581 0.760821
1.22193 0.816154
1.25881 0.871486
1.2957 0.917597
1.30492 0.954485
1.33259 1.0006
1.35103 1.03748
1.3787 1.08359
1.39714 1.13893
1.42481 1.19426
1.44326 1.24959
1.47092 1.2957
1.48937 1.35103
1.52625 1.40637
1.56314 1.4617
1.60003 1.50781
1.63692 1.56314
1.68303 1.61847
1.71992 1.66458
1.75681 1.71992
1.79369 1.77525
1.83058 1.81214
1.86747 1.84903
1.90436 1.88591
1.94125 1.9228
1.97814 1.95969
2.01502 1.99658
2.05191 2.04269
2.0888 2.05191
2.12569 2.07958
2.16258 2.09802
2.21791 2.11647
2.26402 2.14413
2.34702 2.18102
2.4208 2.19024
2.51302 2.23635
2.59601 2.24558
2.67901 2.27324
2.76201 2.29169
2.84501 2.31013
2.92801 2.3378
3.02023 2.34702
3.09401 2.36546
3.16778 2.39313
3.24156 2.40235
3.32456 2.4208
3.41678 2.43924
3.509 2.45768
3.61044 2.47613
3.68422 2.47613
3.758 2.47613
3.841 2.49457
3.93322 2.50379
4.02544 2.50379
4.11766 2.52224
4.20988 2.54068
4.31132 2.55913
4.40354 2.55913
4.49576 2.57757
4.56032 2.57757
4.61565 2.57757
4.62487 2.58679
