304
-0.803639 -0.950439
-0.803639 -0.946675
-0.803639 -0.942911
-0.799874 -0.939147
-0.799874 -0.935383
-0.79611 -0.927854
-0.792346 -0.927854
-0.792346 -0.92409
-0.788582 -0.920326
-0.788582 -0.916562
-0.784818 -0.912798
-0.784818 -0.909034
-0.781054 -0.90527
-0.77729 -0.901506
-0.773526 -0.897741
-0.773526 -0.893977
-0.769762 -0.890213
-0.765998 -0.886449
-0.765998 -0.882685
-0.762233 -0.878921
-0.758469 -0.871393
-0.754705 -0.867629
-0.750941 -0.863864
-0.743413 -0.8601
-0.739649 -0.856336
-0.735885 -0.848808
-0.73212 -0.845044
-0.724592 -0.837516
-0.717064 -0.829987
-0.709536 -0.822459
-0.702008 -0.818695
-0.694479 -0.811167
-0.690715 -0.803639
-0.686951 -0.79611
-0.679423 -0.788582
-0.671895 -0.784818
-0.664366 -0.781054
-0.660602 -0.77729
-0.653074 -0.773526
-0.645546 -0.769762
-0.641782 -0.765997
-0.634253 -0.762233
-0.630489 -0.754705
-0.622961 -0.750941
-0.615433 -0.747177
-0.611669 -0.739649
-0.604141 -0.735885
-0.592848 -0.728356
-0.58532 -0.720828
-0.577792 -0.7133
-0.570264 -0.709536
-0.562735 -0.702008
-0.555207 -0.694479
-0.547679 -0.690715
-0.536386 -0.683187
-0.528858 -0.675659
-0.517566 -0.66813
-0.513802 -0.664366
-0.506274 -0.656838
-0.498745 -0.653074
-0.491217 -0.64931
-0.483689 -0.645546
-0.479925 -0.638018
-0.472396 -0.634253
-0.464868 -0.630489
-0.461104 -0.626725
-0.453576 -0.622961
-0.449812 -0.619197
-0.442284 -0.615433
-0.434755 -0.611669
-0.427227 -0.607905
-0.419699 -0.600376
-0.415935 -0.596612
-0.408407 -0.589084
-0.400878 -0.58532
-0.39335 -0.581556
-0.385822 -0.574028
-0.374529 -0.570263
-0.370765 -0.566499
-0.359473 -0.558971
-0.355709 -0.555207
-0.351945 -0.555207
-0.344417 -0.551443
-0.340652 -0.547679
-0.333124 -0.543915
-0.325596 -0.540151
-0.318068 -0.536386
-0.31054 -0.532622
-0.303011 -0.528858
-0.295483 -0.525094
-0.287955 -0.52133
-0.284191 -0.52133
-0.276662 -0.513802
-0.269134 -0.513802
-0.261606 -0.510038
-0.257842 -0.510038
-0.250314 -0.506274
-0.242785 -0.502509
-0.235257 -0.498745
-0.223965 -0.494981
-0.220201 -0.491217
-0.212673 -0.491217
-0.205144 -0.487453
-0.197616 -0.483689
-0.190088 -0.479925
-0.18256 -0.479925
-0.175031 -0.476161
-0.167503 -0.472396
-0.156211 -0.468632
-0.144918 -0.464868
-0.133626 -0.464868
-0.126098 -0.461104
-0.114806 -0.461104
-0.107277 -0.461104
-0.103513 -0.45734
-0.0959849 -0.453576
-0.0884567 -0.453576
-0.0846926 -0.453576
-0.0771644 -0.453576
-0.0696361 -0.453576
-0.065872 -0.453576
-0.0583438 -0.449812
-0.0508156 -0.449812
-0.0395232 -0.449812
-0.031995 -0.449812
-0.0207026 -0.449812
-0.0131744 -0.449812
-0.00564617 -0.449812
0.00564617 -0.449812
0.0131744 -0.446048
0.0169385 -0.446048
0.0244667 -0.446048
0.031995 -0.446048
0.0395232 -0.446048
0.0508156 -0.446048
0.0583438 -0.446048
0.065872 -0.446048
0.0771644 -0.446048
0.0884567 -0.446048
0.0997491 -0.449812
0.111041 -0.449812
0.126098 -0.453576
0.141154 -0.453576
0.152447 -0.453576
0.159975 -0.45734
0.171267 -0.461104
0.178795 -0.461104
0.18256 -0.461104
0.193852 -0.464868
0.197616 -0.464868
0.205144 -0.464868
0.212673 -0.468632
0.220201 -0.468632
0.227729 -0.472396
0.231493 -0.472396
0.239021 -0.476161
0.24655 -0.476161
0.254078 -0.479925
0.261606 -0.483689
0.26537 -0.483689
0.272898 -0.487453
0.280427 -0.491217
0.287955 -0.494981
0.299247 -0.498745
0.303011 -0.502509
0.314304 -0.506274
0.325596 -0.513802
0.333124 -0.517566
0.344417 -0.52133
0.351945 -0.525094
0.363237 -0.528858
0.370765 -0.532622
0.382058 -0.540151
0.389586 -0.540151
0.397114 -0.543915
0.400878 -0.547679
0.408407 -0.547679
0.415935 -0.551443
0.419699 -0.555207
0.427227 -0.558971
0.434755 -0.562735
0.438519 -0.566499
0.446048 -0.566499
0.449812 -0.570263
0.45734 -0.574028
0.461104 -0.577792
0.464868 -0.581556
0.468632 -0.58532
0.472396 -0.589084
0.476161 -0.589084
0.479925 -0.592848
0.483689 -0.596612
0.487453 -0.600376
0.494981 -0.604141
0.498745 -0.604141
0.502509 -0.611669
0.510038 -0.615433
0.517566 -0.619197
0.52133 -0.622961
0.525094 -0.626725
0.528858 -0.630489
0.536386 -0.630489
0.536386 -0.638018
0.540151 -0.638018
0.547679 -0.641782
0.547679 -0.645546
0.551443 -0.645546
0.551443 -0.64931
0.558971 -0.653074
0.562735 -0.656838
0.562735 -0.660602
0.566499 -0.664366
0.570264 -0.66813
0.574028 -0.66813
0.577792 -0.675659
0.581556 -0.679423
0.58532 -0.683187
0.589084 -0.686951
0.592848 -0.690715
0.596612 -0.694479
0.600376 -0.698243
0.604141 -0.705772
0.604141 -0.709536
0.607905 -0.7133
0.607905 -0.717064
0.611669 -0.720828
0.615433 -0.724592
0.619197 -0.728356
0.622961 -0.73212
0.626725 -0.735885
0.630489 -0.739649
0.630489 -0.743413
0.634253 -0.747177
0.638018 -0.750941
0.638018 -0.754705
0.641782 -0.758469
0.645546 -0.758469
0.64931 -0.762233
0.64931 -0.765997
0.653074 -0.769762
0.656838 -0.773526
0.656838 -0.77729
0.660602 -0.77729
0.660602 -0.781054
0.664366 -0.784818
0.66813 -0.788582
0.671895 -0.792346
0.671895 -0.799874
0.675659 -0.799874
0.679423 -0.803639
0.679423 -0.807403
0.683187 -0.807403
0.686951 -0.811167
0.686951 -0.814931
0.690715 -0.818695
0.690715 -0.822459
0.694479 -0.822459
0.698243 -0.826223
0.702008 -0.829987
0.702008 -0.833751
0.705772 -0.837516
0.709536 -0.84128
0.7133 -0.845044
0.7133 -0.852572
0.717064 -0.856336
0.720828 -0.8601
0.724592 -0.863864
0.724592 -0.867629
0.728356 -0.871393
0.728356 -0.875157
0.728356 -0.878921
0.73212 -0.882685
0.735885 -0.886449
0.735885 -0.890213
0.739649 -0.893977
0.739649 -0.897741
0.739649 -0.90527
0.743413 -0.90527
0.747177 -0.909034
0.747177 -0.912798
0.750941 -0.916562
0.750941 -0.920326
0.750941 -0.92409
0.750941 -0.927854
0.754705 -0.927854
0.754705 -0.931619
0.758469 -0.935383
0.758469 -0.939147
0.762233 -0.939147
0.762233 -0.942911
0.762233 -0.946675
0.765998 -0.950439
0.765998 -0.954203
0.769762 -0.957967
0.773526 -0.961731
0.773526 -0.965496
0.773526 -0.96926
0.77729 -0.96926
0.781054 -0.973024
0.781054 -0.976788
0.784818 -0.980552
0.784818 -0.984316
0.788582 -0.984316
0.788582 -0.98808
