362
-0.917597 1.66458
-0.963707 1.67381
-0.982151 1.67381
-1.01904 1.67381
-1.04671 1.67381
-1.07437 1.67381
-1.10204 1.67381
-1.13893 1.68303
-1.15737 1.68303
-1.17581 1.68303
-1.18504 1.68303
-1.19426 1.68303
-1.2127 1.68303
-1.23115 1.68303
-1.24959 1.67381
-1.32337 1.66458
-1.38792 1.66458
-1.42481 1.65536
-1.45248 1.65536
-1.48014 1.64614
-1.49859 1.64614
-1.50781 1.63692
-1.51703 1.63692
-1.53548 1.6277
-1.5447 1.6277
-1.56314 1.61847
-1.59081 1.60925
-1.60925 1.60003
-1.63692 1.59081
-1.65536 1.58159
-1.68303 1.57236
-1.7107 1.55392
-1.74758 1.5447
-1.77525 1.53548
-1.80292 1.52625
-1.83058 1.51703
-1.85825 1.49859
-1.88591 1.48937
-1.91358 1.47092
-1.93203 1.4617
-1.95969 1.44326
-1.98736 1.42481
-2.03347 1.39714
-2.07036 1.3787
-2.0888 1.36948
-2.10724 1.36026
-2.12569 1.34181
-2.14413 1.33259
-2.16258 1.32337
-2.18102 1.30492
-2.19947 1.28648
-2.21791 1.27726
-2.23635 1.25881
-2.2548 1.24959
-2.27324 1.23115
-2.29169 1.2127
-2.31013 1.20348
-2.32857 1.18504
-2.34702 1.16659
-2.35624 1.14815
-2.37468 1.13893
-2.38391 1.12048
-2.40235 1.09282
-2.41157 1.07437
-2.41157 1.06515
-2.4208 1.04671
-2.43002 1.02826
-2.44846 1.00982
-2.45768 0.991373
-2.46691 0.972929
-2.47613 0.954485
-2.48535 0.936041
-2.49457 0.917597
-2.50379 0.88993
-2.51302 0.871486
-2.52224 0.853042
-2.53146 0.834598
-2.53146 0.816154
-2.54068 0.788488
-2.5499 0.770043
-2.55913 0.742377
-2.56835 0.723933
-2.56835 0.705489
-2.57757 0.687045
-2.57757 0.668601
-2.57757 0.650156
-2.57757 0.631712
-2.57757 0.62249
-2.58679 0.604046
-2.58679 0.585602
-2.58679 0.567158
-2.59601 0.548714
-2.59601 0.521047
-2.59601 0.502603
-2.60524 0.474937
-2.60524 0.456493
-2.61446 0.428827
-2.61446 0.40116
-2.61446 0.373494
-2.61446 0.336606
-2.61446 0.299718
-2.61446 0.281273
-2.61446 0.244385
-2.61446 0.225941
-2.61446 0.198275
-2.61446 0.179831
-2.61446 0.152164
-2.61446 0.13372
-2.61446 0.106054
-2.61446 0.0783877
-2.61446 0.0599435
-2.61446 0.0322773
-2.60524 0.00461104
-2.60524 -0.0230552
-2.60524 -0.0414994
-2.60524 -0.0691656
-2.59601 -0.0968318
-2.58679 -0.124498
-2.58679 -0.152164
-2.58679 -0.170608
-2.57757 -0.198275
-2.57757 -0.225941
-2.56835 -0.244385
-2.55913 -0.281273
-2.55913 -0.30894
-2.55913 -0.345828
-2.55913 -0.382716
-2.5499 -0.419605
-2.5499 -0.447271
-2.54068 -0.474937
-2.53146 -0.502603
-2.53146 -0.530269
-2.52224 -0.557936
-2.51302 -0.57638
-2.50379 -0.604046
-2.49457 -0.62249
-2.49457 -0.640934
-2.48535 -0.650156
-2.47613 -0.668601
-2.47613 -0.687045
-2.46691 -0.696267
-2.45768 -0.714711
-2.44846 -0.733155
-2.43924 -0.751599
-2.43002 -0.779266
-2.4208 -0.806932
-2.41157 -0.834598
-2.39313 -0.871486
-2.38391 -0.88993
-2.36546 -0.926819
-2.35624 -0.954485
-2.3378 -0.982151
-2.32857 -1.00982
-2.31013 -1.03748
-2.29169 -1.06515
-2.27324 -1.08359
-2.2548 -1.10204
-2.22713 -1.13893
-2.20869 -1.17581
-2.19947 -1.20348
-2.18102 -1.24037
-2.15336 -1.27726
-2.14413 -1.30492
-2.12569 -1.33259
-2.10724 -1.35103
-2.07958 -1.36948
-2.06113 -1.38792
-2.04269 -1.39714
-2.03347 -1.40637
-2.0058 -1.41559
-1.99658 -1.43403
-1.96891 -1.44326
-1.93203 -1.45248
-1.90436 -1.4617
-1.86747 -1.47092
-1.83058 -1.48014
-1.79369 -1.48937
-1.77525 -1.49859
-1.74758 -1.50781
-1.72914 -1.50781
-1.7107 -1.51703
-1.69225 -1.52625
-1.67381 -1.52625
-1.65536 -1.52625
-1.6277 -1.52625
-1.60925 -1.52625
-1.58159 -1.52625
-1.55392 -1.52625
-1.51703 -1.52625
-1.48937 -1.51703
-1.45248 -1.51703
-1.41559 -1.50781
-1.3787 -1.50781
-1.35103 -1.49859
-1.31415 -1.48937
-1.2957 -1.48014
-1.27726 -1.47092
-1.25881 -1.47092
-1.23115 -1.4617
-1.22193 -1.45248
-1.20348 -1.45248
-1.18504 -1.44326
-1.16659 -1.44326
-1.15737 -1.44326
-1.1297 -1.43403
-1.11126 -1.42481
-1.10204 -1.41559
-1.09282 -1.41559
-1.07437 -1.39714
-1.06515 -1.38792
-1.03748 -1.3787
-1.01904 -1.36026
-1.0006 -1.35103
-0.972929 -1.33259
-0.945263 -1.32337
-0.926819 -1.31415
-0.908375 -1.2957
-0.88993 -1.28648
-0.871486 -1.26804
-0.853042 -1.25881
-0.825376 -1.24037
-0.79771 -1.22193
-0.779266 -1.2127
-0.760821 -1.19426
-0.751599 -1.17581
-0.733155 -1.15737
-0.714711 -1.13893
-0.687045 -1.12048
-0.659379 -1.10204
-0.640934 -1.08359
-0.62249 -1.07437
-0.604046 -1.05593
-0.585602 -1.04671
-0.567158 -1.02826
-0.548714 -1.00982
-0.521047 -1.0006
-0.502603 -0.982151
-0.484159 -0.963707
-0.465715 -0.945263
-0.447271 -0.926819
-0.428827 -0.908375
-0.40116 -0.880708
-0.382716 -0.853042
-0.364272 -0.834598
-0.345828 -0.816154
-0.327384 -0.788488
-0.318162 -0.770043
-0.299718 -0.742377
-0.290495 -0.723933
-0.281273 -0.705489
-0.262829 -0.687045
-0.262829 -0.659379
-0.244385 -0.640934
-0.235163 -0.613268
-0.225941 -0.594824
-0.207497 -0.567158
-0.198275 -0.548714
-0.189053 -0.521047
-0.179831 -0.493381
-0.170608 -0.465715
-0.152164 -0.438049
-0.152164 -0.410382
-0.142942 -0.382716
-0.13372 -0.35505
-0.124498 -0.327384
-0.115276 -0.299718
-0.106054 -0.272051
-0.106054 -0.235163
-0.0876097 -0.198275
-0.0691656 -0.152164
-0.0599435 -0.106054
-0.0599435 -0.0507214
-0.0414993 -0.00461104
-0.0414993 0.0230552
-0.0322773 0.0507214
-0.0230552 0.0783877
-0.0230552 0.124498
-0.0138331 0.179831
-0.0138331 0.225941
-0.0138331 0.272051
0.00461104 0.30894
0.00461104 0.336606
0.00461104 0.364272
0.00461104 0.382716
0.0138331 0.410382
0.0138331 0.447271
0.0138331 0.474937
0.0138331 0.502603
0.0138331 0.530269
0.0138331 0.557936
0.0138331 0.594824
0.00461104 0.613268
0.00461104 0.640934
0.00461104 0.668601
0.00461104 0.705489
-0.00461104 0.723933
-0.00461104 0.751599
-0.00461104 0.779266
-0.0138331 0.816154
-0.0230552 0.84382
-0.0230552 0.871486
-0.0322773 0.899153
-0.0414993 0.917597
-0.0507214 0.945263
-0.0599435 0.972929
-0.0783877 1.0006
-0.0783877 1.01904
-0.0968318 1.04671
-0.106054 1.06515
-0.115276 1.09282
-0.13372 1.12048
-0.152164 1.14815
-0.170608 1.17581
-0.198275 1.20348
-0.216719 1.24037
-0.235163 1.28648
-0.253607 1.31415
-0.272051 1.35103
-0.281273 1.36948
-0.299718 1.38792
-0.318162 1.40637
-0.327384 1.42481
-0.345828 1.44326
-0.364272 1.45248
-0.373494 1.4617
-0.382716 1.48014
-0.391938 1.48937
-0.40116 1.49859
-0.419605 1.50781
-0.428827 1.51703
-0.456493 1.52625
-0.465715 1.53548
-0.484159 1.5447
-0.493381 1.55392
-0.502603 1.56314
-0.521047 1.56314
-0.530269 1.57236
-0.548714 1.58159
-0.557936 1.59081
-0.57638 1.59081
-0.585602 1.60003
-0.604046 1.60925
-0.613268 1.60925
-0.640934 1.61847
-0.659379 1.6277
-0.687045 1.63692
-0.705489 1.63692
-0.733155 1.64614
-0.742377 1.64614
-0.760821 1.64614
-0.770043 1.64614
-0.779266 1.65536
-0.79771 1.65536
-0.816154 1.65536
-0.834598 1.66458
-0.853042 1.66458
-0.871486 1.66458
-0.880708 1.66458
-0.908375 1.66458
-0.926819 1.67381
-0.936041 1.67381
-0.945263 1.67381
