324
2.27164 0.00188206
2.26412 0.00188206
2.25282 0.00188206
2.24153 0.00188206
2.23024 -0.00188206
2.21895 -0.00188206
2.20765 -0.00188206
2.19636 -0.00188206
2.18883 -0.00188206
2.1813 -0.00564617
2.17378 -0.00564617
2.17001 -0.00564617
2.16625 -0.00564617
2.16248 -0.00564617
2.15872 -0.00564617
2.15496 -0.00941029
2.14743 -0.00941029
2.14366 -0.00941029
2.1399 -0.0131744
2.13614 -0.0131744
2.13237 -0.0131744
2.12484 -0.0131744
2.11731 -0.0169385
2.10979 -0.0169385
2.10226 -0.0169385
2.09473 -0.0169385
2.0872 -0.0169385
2.07967 -0.0169385
2.07215 -0.0169385
2.06462 -0.0207026
2.05332 -0.0207026
2.0458 -0.0207026
2.0345 -0.0207026
2.02321 -0.0207026
2.01568 -0.0207026
2.00816 -0.0207026
2.00063 -0.0207026
1.98934 -0.0207026
1.97804 -0.0207026
1.96675 -0.0207026
1.95922 -0.0207026
1.94793 -0.0207026
1.93664 -0.0207026
1.92535 -0.0207026
1.91782 -0.0207026
1.91029 -0.0207026
1.90276 -0.0207026
1.89147 -0.0207026
1.88394 -0.0207026
1.87641 -0.0169385
1.86888 -0.0169385
1.85759 -0.0169385
1.85006 -0.0169385
1.83877 -0.0169385
1.83124 -0.0169385
1.81995 -0.0169385
1.81242 -0.0169385
1.80489 -0.0169385
1.7936 -0.0169385
1.78231 -0.0169385
1.77102 -0.0169385
1.75596 -0.0169385
1.74467 -0.0169385
1.73338 -0.0169385
1.72208 -0.0169385
1.70703 -0.0169385
1.69573 -0.0169385
1.68444 -0.0169385
1.66939 -0.0169385
1.65809 -0.0169385
1.64304 -0.0169385
1.63174 -0.0169385
1.61292 -0.0169385
1.59034 -0.0169385
1.57152 -0.0169385
1.54893 -0.0169385
1.53011 -0.0169385
1.51129 -0.0169385
1.48871 -0.0169385
1.46989 -0.0169385
1.45107 -0.0169385
1.42848 -0.0169385
1.40966 -0.0207026
1.38708 -0.0207026
1.36826 -0.0207026
1.34567 -0.0282309
1.32685 -0.0282309
1.30427 -0.031995
1.28545 -0.031995
1.27039 -0.0395232
1.25533 -0.0395232
1.25157 -0.0432873
1.24404 -0.0432873
1.23651 -0.0470514
1.23275 -0.0470514
1.22522 -0.0470514
1.21769 -0.0470514
1.21016 -0.0470514
1.20263 -0.0508156
1.19511 -0.0508156
1.18758 -0.0508156
1.18005 -0.0508156
1.16876 -0.0508156
1.16123 -0.0508156
1.14994 -0.0508156
1.14241 -0.0508156
1.13488 -0.0508156
1.11982 -0.0508156
1.10853 -0.0508156
1.09348 -0.0508156
1.08595 -0.0508156
1.07089 -0.0508156
1.05583 -0.0470514
1.04454 -0.0470514
1.02949 -0.0470514
1.01443 -0.0470514
0.999373 -0.0470514
0.976788 -0.0470514
0.950439 -0.0470514
0.92409 -0.0395232
0.901506 -0.0395232
0.882685 -0.0395232
0.8601 -0.0395232
0.84128 -0.0395232
0.818695 -0.0395232
0.799874 -0.0395232
0.77729 -0.0395232
0.758469 -0.0395232
0.735885 -0.0357591
0.717064 -0.0357591
0.694479 -0.0357591
0.675659 -0.0357591
0.653074 -0.0357591
0.634253 -0.0357591
0.615433 -0.0357591
0.592848 -0.0357591
0.574028 -0.0357591
0.555207 -0.0282309
0.532622 -0.0282309
0.513802 -0.0282309
0.494981 -0.0282309
0.479925 -0.0244667
0.468632 -0.0244667
0.45734 -0.0244667
0.446048 -0.0207026
0.430991 -0.0207026
0.419699 -0.0169385
0.404642 -0.0169385
0.39335 -0.0169385
0.382058 -0.0131744
0.370765 -0.0131744
0.359473 -0.00941029
0.351945 -0.00941029
0.344417 -0.00564617
0.340652 -0.00188206
0.32936 -0.00188206
0.325596 0.00188206
0.314304 0.00188206
0.306775 0.00941029
0.299247 0.0131744
0.287955 0.0169385
0.276662 0.0207026
0.26537 0.0244667
0.257842 0.0282309
0.250314 0.031995
0.239021 0.0357591
0.227729 0.0395232
0.216437 0.0432873
0.205144 0.0470514
0.193852 0.0545797
0.186324 0.0545797
0.175031 0.0583438
0.171267 0.065872
0.159975 0.0696361
0.152447 0.0771644
0.144918 0.0809285
0.133626 0.0846926
0.126098 0.0922208
0.11857 0.0959849
0.107277 0.103513
0.0997491 0.111041
0.0884567 0.114806
0.0809285 0.11857
0.0734003 0.126098
0.065872 0.133626
0.0583438 0.13739
0.0508156 0.144918
0.0432873 0.152447
0.0357591 0.156211
0.0282309 0.163739
0.0169385 0.171267
0.00941029 0.178795
0.00564617 0.186324
-0.00188206 0.197616
-0.00941029 0.205144
-0.0169385 0.212673
-0.0244667 0.223965
-0.031995 0.235257
-0.0357591 0.242785
-0.0432873 0.254078
-0.0470514 0.261606
-0.0508156 0.272898
-0.0545797 0.280427
-0.0545797 0.284191
-0.0621079 0.291719
-0.0621079 0.303011
-0.065872 0.31054
-0.0696361 0.318068
-0.0696361 0.32936
-0.0734003 0.340652
-0.0771644 0.348181
-0.0771644 0.355709
-0.0809285 0.363237
-0.0809285 0.374529
-0.0846926 0.382058
-0.0846926 0.389586
-0.0884567 0.400878
-0.0922208 0.408406
-0.0922208 0.419699
-0.0959849 0.427227
-0.0959849 0.434755
-0.0959849 0.446048
-0.0997491 0.45734
-0.103513 0.464868
-0.103513 0.476161
-0.111041 0.487453
-0.111041 0.494981
-0.114806 0.506274
-0.114806 0.513802
-0.122334 0.525094
-0.122334 0.532622
-0.122334 0.540151
-0.122334 0.547679
-0.122334 0.555207
-0.122334 0.562735
-0.126098 0.570263
-0.126098 0.577792
-0.126098 0.58532
-0.126098 0.596612
-0.126098 0.607905
-0.126098 0.615433
-0.126098 0.622961
-0.126098 0.630489
-0.126098 0.638018
-0.126098 0.64931
-0.122334 0.656838
-0.122334 0.664366
-0.11857 0.671895
-0.11857 0.679423
-0.114806 0.686951
-0.114806 0.690715
-0.111041 0.698243
-0.107277 0.709536
-0.103513 0.717064
-0.103513 0.728356
-0.0959849 0.73212
-0.0959849 0.739649
-0.0922208 0.750941
-0.0922208 0.758469
-0.0884567 0.769762
-0.0846926 0.77729
-0.0809285 0.784818
-0.0809285 0.792346
-0.0734003 0.803639
-0.0734003 0.811167
-0.0696361 0.818695
-0.065872 0.829987
-0.065872 0.84128
-0.0621079 0.852572
-0.0583438 0.8601
-0.0545797 0.871393
-0.0508156 0.875157
-0.0508156 0.882685
-0.0470514 0.890213
-0.0470514 0.901506
-0.0432873 0.912798
-0.0432873 0.916562
-0.0395232 0.920326
-0.0395232 0.927854
-0.031995 0.942911
-0.031995 0.954203
-0.0282309 0.961731
-0.0282309 0.965496
-0.0244667 0.96926
-0.0207026 0.976788
-0.0207026 0.984316
-0.0169385 0.995609
-0.0131744 1.00314
-0.00941029 1.0069
-0.00564617 1.01443
-0.00188206 1.02196
0.00188206 1.03325
0.00941029 1.04078
0.0131744 1.05207
0.0207026 1.0596
0.0282309 1.06713
0.0357591 1.07465
0.0432873 1.08218
0.0470514 1.08595
0.0545797 1.08971
0.0621079 1.09724
0.065872 1.101
0.0734003 1.10477
0.0771644 1.1123
0.0809285 1.11606
0.0884567 1.11982
0.0922208 1.12735
0.0959849 1.13112
0.0997491 1.13488
0.103513 1.13864
0.107277 1.13864
0.111041 1.14241
0.111041 1.14617
0.114806 1.14994
0.122334 1.14994
0.122334 1.1537
0.126098 1.15747
0.129862 1.16123
0.133626 1.16499
0.13739 1.16876
0.141154 1.17252
0.144918 1.17629
0.148683 1.18005
0.152447 1.18381
